date,SunSign,SunDegrees,MoonSign,MoonDegrees,MercurySign,MercuryDegrees,VenusSign,VenusDegrees,MarsSign,MarsDegrees,JupiterSign,JupiterDegrees,SaturnSign,SaturnDegrees,UranusSign,UranusDegrees,NeptuneSign,NeptuneDegrees,PlutoSign,PlutoDegrees,RahuSign,RahuDegrees,KetuSign,KetuDegrees
2170-01-01,Sagittarius,14.65786,Taurus,22.20875,Scorpio,25.67999,Sagittarius,24.26751,Leo,28.27146,Leo,22.72955,Capricorn,25.70475,Capricorn,28.47369,Capricorn,20.26395,Gemini,16.27202,Taurus,20.82459,Scorpio,20.82459
2170-01-02,Sagittarius,15.67640,Gemini,6.20124,Scorpio,27.07417,Sagittarius,25.52366,Leo,28.54710,Leo,22.73466,Capricorn,25.80583,Capricorn,28.51929,Capricorn,20.29628,Gemini,16.25138,Taurus,20.77159,Scorpio,20.77159
2170-01-03,Sagittarius,16.69497,Gemini,20.53285,Scorpio,28.48309,Sagittarius,26.77970,Leo,28.81510,Leo,22.73657,Capricorn,25.90778,Capricorn,28.56541,Capricorn,20.32891,Gemini,16.23074,Taurus,20.71860,Scorpio,20.71860
2170-01-04,Sagittarius,17.71357,Cancer,5.11652,Scorpio,29.90544,Sagittarius,28.03563,Leo,29.07529,Leo,22.73525,Capricorn,26.01056,Capricorn,28.61205,Capricorn,20.36183,Gemini,16.21010,Taurus,20.66561,Scorpio,20.66561
2170-01-05,Sagittarius,18.73222,Cancer,19.83845,Sagittarius,1.34012,Sagittarius,29.29147,Leo,29.32752,Leo,22.73071,Capricorn,26.11417,Capricorn,28.65918,Capricorn,20.39505,Gemini,16.18947,Taurus,20.61262,Scorpio,20.61262
2170-01-06,Sagittarius,19.75093,Leo,4.57411,Sagittarius,2.78620,Capricorn,0.54721,Leo,29.57158,Leo,22.72294,Capricorn,26.21858,Capricorn,28.70681,Capricorn,20.42853,Gemini,16.16885,Taurus,20.55963,Scorpio,20.55963
2170-01-07,Sagittarius,20.76971,Leo,19.20695,Sagittarius,4.24293,Capricorn,1.80287,Leo,29.80729,Leo,22.71194,Capricorn,26.32379,Capricorn,28.75492,Capricorn,20.46230,Gemini,16.14826,Taurus,20.50663,Scorpio,20.50663
2170-01-08,Sagittarius,21.78855,Virgo,3.64408,Sagittarius,5.70966,Capricorn,3.05845,Virgo,0.03445,Leo,22.69771,Capricorn,26.42976,Capricorn,28.80350,Capricorn,20.49632,Gemini,16.12770,Taurus,20.45364,Scorpio,20.45364
2170-01-09,Sagittarius,22.80745,Virgo,17.82490,Sagittarius,7.18587,Capricorn,4.31394,Virgo,0.25286,Leo,22.68023,Capricorn,26.53649,Capricorn,28.85255,Capricorn,20.53061,Gemini,16.10717,Taurus,20.40065,Scorpio,20.40065
2170-01-10,Sagittarius,23.82642,Libra,1.72142,Sagittarius,8.67116,Capricorn,5.56935,Virgo,0.46232,Leo,22.65952,Capricorn,26.64396,Capricorn,28.90205,Capricorn,20.56514,Gemini,16.08669,Taurus,20.34766,Scorpio,20.34766
2170-01-11,Sagittarius,24.84542,Libra,15.33232,Sagittarius,10.16518,Capricorn,6.82467,Virgo,0.66262,Leo,22.63557,Capricorn,26.75215,Capricorn,28.95199,Capricorn,20.59992,Gemini,16.06627,Taurus,20.29467,Scorpio,20.29467
2170-01-12,Sagittarius,25.86445,Libra,28.67385,Sagittarius,11.66770,Capricorn,8.07989,Virgo,0.85356,Leo,22.60840,Capricorn,26.86103,Capricorn,29.00236,Capricorn,20.63493,Gemini,16.04590,Taurus,20.24167,Scorpio,20.24168
2170-01-13,Sagittarius,26.88349,Scorpio,11.77081,Sagittarius,13.17853,Capricorn,9.33500,Virgo,1.03495,Leo,22.57801,Capricorn,26.97060,Capricorn,29.05315,Capricorn,20.67016,Gemini,16.02561,Taurus,20.18868,Scorpio,20.18868
2170-01-14,Sagittarius,27.90251,Scorpio,24.64928,Sagittarius,14.69756,Capricorn,10.58999,Virgo,1.20659,Leo,22.54441,Capricorn,27.08083,Capricorn,29.10435,Capricorn,20.70562,Gemini,16.00539,Taurus,20.13569,Scorpio,20.13569
2170-01-15,Sagittarius,28.92149,Sagittarius,7.33223,Sagittarius,16.22474,Capricorn,11.84485,Virgo,1.36828,Leo,22.50761,Capricorn,27.19170,Capricorn,29.15594,Capricorn,20.74128,Gemini,15.98526,Taurus,20.08270,Scorpio,20.08270
2170-01-16,Sagittarius,29.94040,Sagittarius,19.83802,Sagittarius,17.76005,Capricorn,13.09956,Virgo,1.51984,Leo,22.46764,Capricorn,27.30320,Capricorn,29.20792,Capricorn,20.77713,Gemini,15.96523,Taurus,20.02971,Scorpio,20.02971
2170-01-17,Capricorn,0.95923,Capricorn,2.18136,Sagittarius,19.30352,Capricorn,14.35410,Virgo,1.66109,Leo,22.42452,Capricorn,27.41529,Capricorn,29.26027,Capricorn,20.81318,Gemini,15.94529,Taurus,19.97672,Scorpio,19.97672
2170-01-18,Capricorn,1.97793,Capricorn,14.37608,Sagittarius,20.85523,Capricorn,15.60846,Virgo,1.79183,Leo,22.37826,Capricorn,27.52796,Capricorn,29.31299,Capricorn,20.84941,Gemini,15.92547,Taurus,19.92372,Scorpio,19.92372
2170-01-19,Capricorn,2.99649,Capricorn,26.43884,Sagittarius,22.41529,Capricorn,16.86263,Virgo,1.91190,Leo,22.32890,Capricorn,27.64119,Capricorn,29.36604,Capricorn,20.88581,Gemini,15.90577,Taurus,19.87073,Scorpio,19.87073
2170-01-20,Capricorn,4.01489,Aquarius,8.39286,Sagittarius,23.98382,Capricorn,18.11658,Virgo,2.02112,Leo,22.27645,Capricorn,27.75496,Capricorn,29.41944,Capricorn,20.92238,Gemini,15.88619,Taurus,19.81774,Scorpio,19.81774
2170-01-21,Capricorn,5.03310,Aquarius,20.27096,Sagittarius,25.56099,Capricorn,19.37031,Virgo,2.11932,Leo,22.22096,Capricorn,27.86924,Capricorn,29.47315,Capricorn,20.95909,Gemini,15.86674,Taurus,19.76475,Scorpio,19.76475
2170-01-22,Capricorn,6.05110,Pisces,2.11755,Sagittarius,27.14700,Capricorn,20.62379,Virgo,2.20634,Leo,22.16246,Capricorn,27.98401,Capricorn,29.52718,Capricorn,20.99595,Gemini,15.84744,Taurus,19.71176,Scorpio,19.71176
2170-01-23,Capricorn,7.06888,Pisces,13.98923,Sagittarius,28.74204,Capricorn,21.87702,Virgo,2.28200,Leo,22.10097,Capricorn,28.09926,Capricorn,29.58150,Capricorn,21.03295,Gemini,15.82828,Taurus,19.65876,Scorpio,19.65876
2170-01-24,Capricorn,8.08641,Pisces,25.95403,Capricorn,0.34634,Capricorn,23.12998,Virgo,2.34616,Leo,22.03654,Capricorn,28.21496,Capricorn,29.63610,Capricorn,21.07007,Gemini,15.80928,Taurus,19.60577,Scorpio,19.60577
2170-01-25,Capricorn,9.10368,Aries,8.08922,Capricorn,1.96012,Capricorn,24.38265,Virgo,2.39866,Leo,21.96921,Capricorn,28.33110,Capricorn,29.69098,Capricorn,21.10731,Gemini,15.79045,Taurus,19.55278,Scorpio,19.55278
2170-01-26,Capricorn,10.12068,Aries,20.47743,Capricorn,3.58364,Capricorn,25.63502,Virgo,2.43935,Leo,21.89901,Capricorn,28.44764,Capricorn,29.74612,Capricorn,21.14465,Gemini,15.77178,Taurus,19.49979,Scorpio,19.49979
2170-01-27,Capricorn,11.13740,Taurus,3.20075,Capricorn,5.21714,Capricorn,26.88709,Virgo,2.46809,Leo,21.82600,Capricorn,28.56458,Capricorn,29.80150,Capricorn,21.18210,Gemini,15.75329,Taurus,19.44680,Scorpio,19.44680
2170-01-28,Capricorn,12.15382,Taurus,16.33215,Capricorn,6.86086,Capricorn,28.13883,Virgo,2.48474,Leo,21.75021,Capricorn,28.68189,Capricorn,29.85712,Capricorn,21.21963,Gemini,15.73499,Taurus,19.39381,Scorpio,19.39381
2170-01-29,Capricorn,13.16995,Taurus,29.92412,Capricorn,8.51507,Capricorn,29.39025,Virgo,2.48917,Leo,21.67169,Capricorn,28.79955,Capricorn,29.91296,Capricorn,21.25724,Gemini,15.71687,Taurus,19.34081,Scorpio,19.34081
2170-01-30,Capricorn,14.18579,Gemini,13.99505,Capricorn,10.18000,Aquarius,0.64133,Virgo,2.48124,Leo,21.59050,Capricorn,28.91755,Capricorn,29.96900,Capricorn,21.29493,Gemini,15.69896,Taurus,19.28782,Scorpio,19.28782
2170-01-31,Capricorn,15.20133,Gemini,28.51609,Capricorn,11.85587,Aquarius,1.89206,Virgo,2.46083,Leo,21.50667,Capricorn,29.03586,Aquarius,0.02525,Capricorn,21.33268,Gemini,15.68124,Taurus,19.23483,Scorpio,19.23483
2170-02-01,Capricorn,16.21659,Cancer,13.40319,Capricorn,13.54291,Aquarius,3.14246,Virgo,2.42781,Leo,21.42026,Capricorn,29.15447,Aquarius,0.08169,Capricorn,21.37049,Gemini,15.66374,Taurus,19.18184,Scorpio,19.18184
2170-02-02,Capricorn,17.23159,Cancer,28.52034,Capricorn,15.24131,Aquarius,4.39252,Virgo,2.38205,Leo,21.33131,Capricorn,29.27336,Aquarius,0.13830,Capricorn,21.40835,Gemini,15.64645,Taurus,19.12885,Scorpio,19.12885
2170-02-03,Capricorn,18.24633,Leo,13.69740,Capricorn,16.95121,Aquarius,5.64224,Virgo,2.32344,Leo,21.23988,Capricorn,29.39251,Aquarius,0.19508,Capricorn,21.44625,Gemini,15.62938,Taurus,19.07585,Scorpio,19.07585
2170-02-04,Capricorn,19.26083,Leo,28.75921,Capricorn,18.67271,Aquarius,6.89163,Virgo,2.25186,Leo,21.14602,Capricorn,29.51191,Aquarius,0.25201,Capricorn,21.48419,Gemini,15.61253,Taurus,19.02286,Scorpio,19.02286
2170-02-05,Capricorn,20.27510,Virgo,13.55647,Capricorn,20.40588,Aquarius,8.14069,Virgo,2.16721,Leo,21.04978,Capricorn,29.63154,Aquarius,0.30909,Capricorn,21.52218,Gemini,15.59592,Taurus,18.96987,Scorpio,18.96987
2170-02-06,Capricorn,21.28915,Virgo,27.98724,Capricorn,22.15068,Aquarius,9.38942,Virgo,2.06939,Leo,20.95122,Capricorn,29.75138,Aquarius,0.36630,Capricorn,21.56043,Gemini,15.57955,Taurus,18.91688,Scorpio,18.91688
2170-02-07,Capricorn,22.30297,Libra,12.00365,Capricorn,23.90699,Aquarius,10.63782,Virgo,1.95834,Leo,20.85040,Capricorn,29.87141,Aquarius,0.42363,Capricorn,21.59784,Gemini,15.56342,Taurus,18.86389,Scorpio,18.86389
2170-02-08,Capricorn,23.31656,Libra,25.60547,Capricorn,25.67458,Aquarius,11.88589,Virgo,1.83401,Leo,20.74739,Capricorn,29.99162,Aquarius,0.48107,Capricorn,21.63590,Gemini,15.54754,Taurus,18.81090,Scorpio,18.81090
2170-02-09,Capricorn,24.32991,Scorpio,8.82650,Capricorn,27.45312,Aquarius,13.13362,Virgo,1.69639,Leo,20.64223,Aquarius,0.11198,Aquarius,0.53860,Capricorn,21.67389,Gemini,15.53192,Taurus,18.75790,Scorpio,18.75790
2170-02-10,Capricorn,25.34300,Scorpio,21.71960,Capricorn,29.24210,Aquarius,14.38099,Virgo,1.54548,Leo,20.53502,Aquarius,0.23249,Aquarius,0.59622,Capricorn,21.71183,Gemini,15.51656,Taurus,18.70491,Scorpio,18.70491
2170-02-11,Capricorn,26.35583,Sagittarius,4.34399,Aquarius,1.04082,Aquarius,15.62801,Virgo,1.38133,Leo,20.42581,Aquarius,0.35311,Aquarius,0.65392,Capricorn,21.74975,Gemini,15.50147,Taurus,18.65192,Scorpio,18.65192
2170-02-12,Capricorn,27.36836,Sagittarius,16.75617,Aquarius,2.84840,Aquarius,16.87464,Virgo,1.20400,Leo,20.31469,Aquarius,0.47382,Aquarius,0.71167,Capricorn,21.78762,Gemini,15.48666,Taurus,18.59893,Scorpio,18.59893
2170-02-13,Capricorn,28.38059,Sagittarius,29.00456,Aquarius,4.66369,Aquarius,18.12088,Virgo,1.01360,Leo,20.20173,Aquarius,0.59462,Aquarius,0.76948,Capricorn,21.82545,Gemini,15.47213,Taurus,18.54594,Scorpio,18.54594
2170-02-14,Capricorn,29.39249,Capricorn,11.12747,Aquarius,6.48524,Aquarius,19.36672,Virgo,0.81024,Leo,20.08702,Aquarius,0.71547,Aquarius,0.82733,Capricorn,21.86322,Gemini,15.45788,Taurus,18.49294,Scorpio,18.49294
2170-02-15,Aquarius,0.40404,Capricorn,23.15372,Aquarius,8.31126,Aquarius,20.61212,Virgo,0.59411,Leo,19.97063,Aquarius,0.83633,Aquarius,0.88519,Capricorn,21.90092,Gemini,15.44393,Taurus,18.43995,Scorpio,18.43995
2170-02-16,Aquarius,1.41521,Aquarius,5.10537,Aquarius,10.13956,Aquarius,21.85709,Virgo,0.36539,Leo,19.85265,Aquarius,0.95715,Aquarius,0.94288,Capricorn,21.93854,Gemini,15.43028,Taurus,18.38696,Scorpio,18.38696
2170-02-17,Aquarius,2.42599,Aquarius,17.00177,Aquarius,11.96752,Aquarius,23.10159,Virgo,0.12432,Leo,19.73316,Aquarius,1.07802,Aquarius,1.00074,Capricorn,21.97608,Gemini,15.41693,Taurus,18.33397,Scorpio,18.33397
2170-02-18,Aquarius,3.43636,Aquarius,28.86422,Aquarius,13.79198,Aquarius,24.34561,Leo,29.87116,Leo,19.61227,Aquarius,1.19888,Aquarius,1.05859,Capricorn,22.01353,Gemini,15.40388,Taurus,18.28098,Scorpio,18.28098
2170-02-19,Aquarius,4.44629,Pisces,10.72036,Aquarius,15.60921,Aquarius,25.58913,Leo,29.60621,Leo,19.49004,Aquarius,1.31969,Aquarius,1.11640,Capricorn,22.05087,Gemini,15.39115,Taurus,18.22798,Scorpio,18.22798
2170-02-20,Aquarius,5.45577,Pisces,22.60774,Aquarius,17.41485,Aquarius,26.83213,Leo,29.32980,Leo,19.36659,Aquarius,1.44043,Aquarius,1.17416,Capricorn,22.08810,Gemini,15.37874,Taurus,18.17499,Scorpio,18.17499
2170-02-21,Aquarius,6.46477,Aries,4.57597,Aquarius,19.20386,Aquarius,28.07459,Leo,29.04230,Leo,19.24199,Aquarius,1.56108,Aquarius,1.23186,Capricorn,22.12521,Gemini,15.36665,Taurus,18.12200,Scorpio,18.12200
2170-02-22,Aquarius,7.47329,Aries,16.68723,Aquarius,20.97043,Aquarius,29.31650,Leo,28.74409,Leo,19.11635,Aquarius,1.68162,Aquarius,1.28949,Capricorn,22.16219,Gemini,15.35489,Taurus,18.06901,Scorpio,18.06901
2170-02-23,Aquarius,8.48130,Aries,29.01470,Aquarius,22.70801,Pisces,0.55783,Leo,28.43562,Leo,18.98975,Aquarius,1.80203,Aquarius,1.34703,Capricorn,22.19904,Gemini,15.34345,Taurus,18.01602,Scorpio,18.01602
2170-02-24,Aquarius,9.48880,Taurus,11.63877,Aquarius,24.40927,Pisces,1.79856,Leo,28.11733,Leo,18.86229,Aquarius,1.92229,Aquarius,1.40448,Capricorn,22.23573,Gemini,15.33235,Taurus,17.96303,Scorpio,17.96303
2170-02-25,Aquarius,10.49577,Taurus,24.64008,Aquarius,26.06613,Pisces,3.03868,Leo,27.78971,Leo,18.73407,Aquarius,2.04238,Aquarius,1.46182,Capricorn,22.27227,Gemini,15.32159,Taurus,17.91003,Scorpio,17.91003
2170-02-26,Aquarius,11.50221,Gemini,8.08905,Aquarius,27.66978,Pisces,4.27818,Leo,27.45328,Leo,18.60517,Aquarius,2.16228,Aquarius,1.51904,Capricorn,22.30865,Gemini,15.31118,Taurus,17.85704,Scorpio,17.85704
2170-02-27,Aquarius,12.50812,Gemini,22.03141,Aquarius,29.21083,Pisces,5.51703,Leo,27.10857,Leo,18.47570,Aquarius,2.28198,Aquarius,1.57613,Capricorn,22.34485,Gemini,15.30110,Taurus,17.80405,Scorpio,17.80405
2170-02-28,Aquarius,13.51349,Cancer,6.47125,Pisces,0.67938,Pisces,6.75523,Leo,26.75614,Leo,18.34574,Aquarius,2.40146,Aquarius,1.63308,Capricorn,22.38088,Gemini,15.29138,Taurus,17.75106,Scorpio,17.75106
2170-03-01,Aquarius,14.51834,Cancer,21.35552,Pisces,2.06523,Pisces,7.99277,Leo,26.39657,Leo,18.21538,Aquarius,2.52069,Aquarius,1.68987,Capricorn,22.41671,Gemini,15.28200,Taurus,17.69807,Scorpio,17.69807
2170-03-02,Aquarius,15.52268,Leo,6.56727,Pisces,3.35805,Pisces,9.22964,Leo,26.03044,Leo,18.08472,Aquarius,2.63968,Aquarius,1.74650,Capricorn,22.45236,Gemini,15.27298,Taurus,17.64507,Scorpio,17.64507
2170-03-03,Aquarius,16.52653,Leo,21.93478,Pisces,4.54761,Pisces,10.46584,Leo,25.65835,Leo,17.95385,Aquarius,2.75839,Aquarius,1.80296,Capricorn,22.48780,Gemini,15.26432,Taurus,17.59208,Scorpio,17.59208
2170-03-04,Aquarius,17.52989,Virgo,7.25873,Pisces,5.62401,Pisces,11.70138,Leo,25.28093,Leo,17.82285,Aquarius,2.87681,Aquarius,1.85923,Capricorn,22.52303,Gemini,15.25601,Taurus,17.53909,Scorpio,17.53909
2170-03-05,Aquarius,18.53280,Virgo,22.34967,Pisces,6.57796,Pisces,12.93625,Leo,24.89883,Leo,17.69181,Aquarius,2.99492,Aquarius,1.91531,Capricorn,22.55805,Gemini,15.24807,Taurus,17.48610,Scorpio,17.48610
2170-03-06,Aquarius,19.53527,Libra,7.06151,Pisces,7.40100,Pisces,14.17046,Leo,24.51270,Leo,17.56083,Aquarius,3.11272,Aquarius,1.97118,Capricorn,22.59285,Gemini,15.24048,Taurus,17.43311,Scorpio,17.43311
2170-03-07,Aquarius,20.53730,Libra,21.30941,Pisces,8.08575,Pisces,15.40402,Leo,24.12323,Leo,17.42999,Aquarius,3.23018,Aquarius,2.02683,Capricorn,22.62741,Gemini,15.23327,Taurus,17.38012,Scorpio,17.38012
2170-03-08,Aquarius,21.53891,Scorpio,5.06968,Pisces,8.62619,Pisces,16.63691,Leo,23.73114,Leo,17.29939,Aquarius,3.34728,Aquarius,2.08226,Capricorn,22.66174,Gemini,15.22643,Taurus,17.32712,Scorpio,17.32712
2170-03-09,Aquarius,22.54009,Scorpio,18.36732,Pisces,9.01788,Pisces,17.86914,Leo,23.33716,Leo,17.16911,Aquarius,3.46400,Aquarius,2.13744,Capricorn,22.69582,Gemini,15.21996,Taurus,17.27413,Scorpio,17.27413
2170-03-10,Aquarius,23.54084,Sagittarius,1.25898,Pisces,9.25818,Pisces,19.10070,Leo,22.94202,Leo,17.03926,Aquarius,3.58033,Aquarius,2.19238,Capricorn,22.72964,Gemini,15.21386,Taurus,17.22114,Scorpio,17.22114
2170-03-11,Aquarius,24.54115,Sagittarius,13.81702,Pisces,9.34655,Pisces,20.33158,Leo,22.54651,Leo,16.90993,Aquarius,3.69625,Aquarius,2.24705,Capricorn,22.76320,Gemini,15.20815,Taurus,17.16815,Scorpio,17.16815
2170-03-12,Aquarius,25.54101,Sagittarius,26.11719,Pisces,9.28472,Pisces,21.56177,Leo,22.15138,Leo,16.78122,Aquarius,3.81173,Aquarius,2.30145,Capricorn,22.79649,Gemini,15.20281,Taurus,17.11516,Scorpio,17.11516
2170-03-13,Aquarius,26.54041,Capricorn,8.23035,Pisces,9.07691,Pisces,22.79126,Leo,21.75741,Leo,16.65321,Aquarius,3.92677,Aquarius,2.35556,Capricorn,22.82951,Gemini,15.19786,Taurus,17.06216,Scorpio,17.06216
2170-03-14,Aquarius,27.53934,Capricorn,20.21763,Pisces,8.72994,Pisces,24.02003,Leo,21.36537,Leo,16.52601,Aquarius,4.04133,Aquarius,2.40937,Capricorn,22.86223,Gemini,15.19329,Taurus,17.00917,Scorpio,17.00917
2170-03-15,Aquarius,28.53778,Aquarius,2.12849,Pisces,8.25336,Pisces,25.24807,Leo,20.97603,Leo,16.39970,Aquarius,4.15539,Aquarius,2.46287,Capricorn,22.89466,Gemini,15.18911,Taurus,16.95618,Scorpio,16.95618
2170-03-16,Aquarius,29.53572,Aquarius,14.00102,Pisces,7.65935,Pisces,26.47536,Leo,20.59014,Leo,16.27439,Aquarius,4.26895,Aquarius,2.51604,Capricorn,22.92679,Gemini,15.18532,Taurus,16.90319,Scorpio,16.90319
2170-03-17,Pisces,0.53313,Aquarius,25.86405,Pisces,6.96263,Pisces,27.70188,Leo,20.20844,Leo,16.15015,Aquarius,4.38197,Aquarius,2.56888,Capricorn,22.95861,Gemini,15.18192,Taurus,16.85020,Scorpio,16.85020
2170-03-18,Pisces,1.53001,Pisces,7.74069,Pisces,6.18010,Pisces,28.92762,Leo,19.83167,Leo,16.02709,Aquarius,4.49445,Aquarius,2.62138,Capricorn,22.99011,Gemini,15.17891,Taurus,16.79720,Scorpio,16.79720
2170-03-19,Pisces,2.52634,Pisces,19.65273,Pisces,5.33045,Aries,0.15254,Leo,19.46053,Leo,15.90529,Aquarius,4.60635,Aquarius,2.67352,Capricorn,23.02128,Gemini,15.17629,Taurus,16.74421,Scorpio,16.74421
2170-03-20,Pisces,3.52210,Aries,1.62511,Pisces,4.43356,Aries,1.37665,Leo,19.09570,Leo,15.78484,Aquarius,4.71766,Aquarius,2.72528,Capricorn,23.05213,Gemini,15.17407,Taurus,16.69122,Scorpio,16.69122
2170-03-21,Pisces,4.51728,Aries,13.68995,Pisces,3.50989,Aries,2.59990,Leo,18.73783,Leo,15.66582,Aquarius,4.82836,Aquarius,2.77667,Capricorn,23.08263,Gemini,15.17224,Taurus,16.63823,Scorpio,16.63823
2170-03-22,Pisces,5.51185,Aries,25.88926,Pisces,2.57974,Aries,3.82228,Leo,18.38756,Leo,15.54832,Aquarius,4.93844,Aquarius,2.82766,Capricorn,23.11278,Gemini,15.17081,Taurus,16.58524,Scorpio,16.58524
2170-03-23,Pisces,6.50582,Taurus,8.27593,Pisces,1.66263,Aries,5.04378,Leo,18.04547,Leo,15.43242,Aquarius,5.04786,Aquarius,2.87826,Capricorn,23.14258,Gemini,15.16977,Taurus,16.53225,Scorpio,16.53225
2170-03-24,Pisces,7.49916,Taurus,20.91232,Pisces,0.77668,Aries,6.26436,Leo,17.71212,Leo,15.31820,Aquarius,5.15663,Aquarius,2.92843,Capricorn,23.17202,Gemini,15.16913,Taurus,16.47925,Scorpio,16.47925
2170-03-25,Pisces,8.49186,Gemini,3.86594,Aquarius,29.93812,Aries,7.48400,Leo,17.38804,Leo,15.20573,Aquarius,5.26471,Aquarius,2.97819,Capricorn,23.20109,Gemini,15.16889,Taurus,16.42626,Scorpio,16.42626
2170-03-26,Pisces,9.48393,Gemini,17.20167,Aquarius,29.16097,Aries,8.70268,Leo,17.07369,Leo,15.09509,Aquarius,5.37209,Aquarius,3.02751,Capricorn,23.22979,Gemini,15.16904,Taurus,16.37327,Scorpio,16.37327
2170-03-27,Pisces,10.47535,Cancer,0.97020,Aquarius,28.45687,Aries,9.92039,Leo,16.76953,Leo,14.98634,Aquarius,5.47875,Aquarius,3.07639,Capricorn,23.25811,Gemini,15.16959,Taurus,16.32028,Scorpio,16.32028
2170-03-28,Pisces,11.46612,Cancer,15.19308,Aquarius,27.83499,Aries,11.13710,Leo,16.47596,Leo,14.87956,Aquarius,5.58468,Aquarius,3.12481,Capricorn,23.28605,Gemini,15.17054,Taurus,16.26729,Scorpio,16.26729
2170-03-29,Pisces,12.45626,Cancer,29.84718,Aquarius,27.30220,Aries,12.35279,Leo,16.19332,Leo,14.77480,Aquarius,5.68987,Aquarius,3.17277,Capricorn,23.31359,Gemini,15.17187,Taurus,16.21429,Scorpio,16.21429
2170-03-30,Pisces,13.44577,Leo,14.85344,Aquarius,26.86316,Aries,13.56746,Leo,15.92194,Leo,14.67214,Aquarius,5.79429,Aquarius,3.22027,Capricorn,23.34074,Gemini,15.17360,Taurus,16.16130,Scorpio,16.16130
2170-03-31,Pisces,14.43468,Virgo,0.07702,Aquarius,26.52064,Aries,14.78109,Leo,15.66210,Leo,14.57161,Aquarius,5.89793,Aquarius,3.26728,Capricorn,23.36749,Gemini,15.17573,Taurus,16.10831,Scorpio,16.10831
2170-04-01,Pisces,15.42299,Virgo,15.34313,Aquarius,26.27573,Aries,15.99369,Leo,15.41404,Leo,14.47329,Aquarius,6.00078,Aquarius,3.31381,Capricorn,23.39384,Gemini,15.17824,Taurus,16.05532,Scorpio,16.05532
2170-04-02,Pisces,16.41075,Libra,0.46671,Aquarius,26.12813,Aries,17.20524,Leo,15.17799,Leo,14.37721,Aquarius,6.10282,Aquarius,3.35984,Capricorn,23.41977,Gemini,15.18115,Taurus,16.00233,Scorpio,16.00233
2170-04-03,Pisces,17.39795,Libra,15.28564,Aquarius,26.07647,Aries,18.41575,Leo,14.95414,Leo,14.28345,Aquarius,6.20404,Aquarius,3.40536,Capricorn,23.44529,Gemini,15.18444,Taurus,15.94934,Scorpio,15.94934
2170-04-04,Pisces,18.38464,Libra,29.68566,Aquarius,26.11850,Aries,19.62522,Leo,14.74267,Leo,14.19204,Aquarius,6.30442,Aquarius,3.45037,Capricorn,23.47038,Gemini,15.18813,Taurus,15.89634,Scorpio,15.89634
2170-04-05,Pisces,19.37082,Scorpio,13.61014,Aquarius,26.25132,Aries,20.83366,Leo,14.54373,Leo,14.10304,Aquarius,6.40394,Aquarius,3.49486,Capricorn,23.49505,Gemini,15.19221,Taurus,15.84335,Scorpio,15.84335
2170-04-06,Pisces,20.35651,Scorpio,27.05565,Aquarius,26.47162,Aries,22.04105,Leo,14.35746,Leo,14.01650,Aquarius,6.50259,Aquarius,3.53882,Capricorn,23.51929,Gemini,15.19667,Taurus,15.79036,Scorpio,15.79036
2170-04-07,Pisces,21.34171,Sagittarius,10.05946,Aquarius,26.77579,Aries,23.24740,Leo,14.18400,Leo,13.93247,Aquarius,6.60035,Aquarius,3.58223,Capricorn,23.54308,Gemini,15.20152,Taurus,15.73737,Scorpio,15.73737
2170-04-08,Pisces,22.32642,Sagittarius,22.68480,Aquarius,27.16008,Aries,24.45269,Leo,14.02343,Leo,13.85100,Aquarius,6.69720,Aquarius,3.62510,Capricorn,23.56644,Gemini,15.20676,Taurus,15.68438,Scorpio,15.68438
2170-04-09,Pisces,23.31065,Capricorn,5.00789,Aquarius,27.62069,Aries,25.65692,Leo,13.87584,Leo,13.77214,Aquarius,6.79312,Aquarius,3.66740,Capricorn,23.58934,Gemini,15.21238,Taurus,15.63138,Scorpio,15.63138
2170-04-10,Pisces,24.29439,Capricorn,17.10789,Aquarius,28.15387,Aries,26.86008,Leo,13.74130,Leo,13.69593,Aquarius,6.88810,Aquarius,3.70913,Capricorn,23.61179,Gemini,15.21839,Taurus,15.57839,Scorpio,15.57839
2170-04-11,Pisces,25.27764,Capricorn,29.06011,Aquarius,28.75594,Aries,28.06216,Leo,13.61983,Leo,13.62241,Aquarius,6.98212,Aquarius,3.75029,Capricorn,23.63378,Gemini,15.22479,Taurus,15.52540,Scorpio,15.52540
2170-04-12,Pisces,26.26039,Aquarius,10.93169,Aquarius,29.42339,Aries,29.26312,Leo,13.51146,Leo,13.55163,Aquarius,7.07515,Aquarius,3.79085,Capricorn,23.65530,Gemini,15.23156,Taurus,15.47241,Scorpio,15.47241
2170-04-13,Pisces,27.24263,Aquarius,22.77940,Pisces,0.15286,Taurus,0.46297,Leo,13.41618,Leo,13.48363,Aquarius,7.16719,Aquarius,3.83082,Capricorn,23.67636,Gemini,15.23872,Taurus,15.41942,Scorpio,15.41942
2170-04-14,Pisces,28.22436,Pisces,4.64910,Pisces,0.94118,Taurus,1.66168,Leo,13.33398,Leo,13.41844,Aquarius,7.25820,Aquarius,3.87018,Capricorn,23.69693,Gemini,15.24625,Taurus,15.36642,Scorpio,15.36642
2170-04-15,Pisces,29.20557,Pisces,16.57665,Pisces,1.78536,Taurus,2.85923,Leo,13.26482,Leo,13.35609,Aquarius,7.34818,Aquarius,3.90892,Capricorn,23.71703,Gemini,15.25417,Taurus,15.31343,Scorpio,15.31343
2170-04-16,Aries,0.18623,Pisces,28.59011,Pisces,2.68265,Taurus,4.05559,Leo,13.20864,Leo,13.29663,Aquarius,7.43711,Aquarius,3.94703,Capricorn,23.73664,Gemini,15.26246,Taurus,15.26044,Scorpio,15.26044
2170-04-17,Aries,1.16635,Aries,10.71280,Pisces,3.63048,Taurus,5.25075,Leo,13.16537,Leo,13.24009,Aquarius,7.52497,Aquarius,3.98451,Capricorn,23.75576,Gemini,15.27112,Taurus,15.20745,Scorpio,15.20745
2170-04-18,Aries,2.14591,Aries,22.96696,Pisces,4.62648,Taurus,6.44467,Leo,13.13493,Leo,13.18648,Aquarius,7.61174,Aquarius,4.02135,Capricorn,23.77439,Gemini,15.28015,Taurus,15.15446,Scorpio,15.15446
2170-04-19,Aries,3.12490,Taurus,5.37709,Pisces,5.66848,Taurus,7.63732,Leo,13.11720,Leo,13.13584,Aquarius,7.69741,Aquarius,4.05754,Capricorn,23.79252,Gemini,15.28955,Taurus,15.10147,Scorpio,15.10147
2170-04-20,Aries,4.10330,Taurus,17.97255,Pisces,6.75449,Taurus,8.82869,Leo,13.11207,Leo,13.08818,Aquarius,7.78196,Aquarius,4.09308,Capricorn,23.81015,Gemini,15.29931,Taurus,15.04847,Scorpio,15.04847
2170-04-21,Aries,5.08111,Gemini,0.78838,Pisces,7.88273,Taurus,10.01873,Leo,13.11940,Leo,13.04353,Aquarius,7.86537,Aquarius,4.12794,Capricorn,23.82727,Gemini,15.30944,Taurus,14.99548,Scorpio,14.99548
2170-04-22,Aries,6.05832,Gemini,13.86386,Pisces,9.05155,Taurus,11.20741,Leo,13.13905,Leo,13.00191,Aquarius,7.94763,Aquarius,4.16214,Capricorn,23.84389,Gemini,15.31992,Taurus,14.94249,Scorpio,14.94249
2170-04-23,Aries,7.03492,Gemini,27.23826,Pisces,10.25950,Taurus,12.39470,Leo,13.17085,Leo,12.96333,Aquarius,8.02872,Aquarius,4.19565,Capricorn,23.85999,Gemini,15.33076,Taurus,14.88950,Scorpio,14.88950
2170-04-24,Aries,8.01090,Cancer,10.94354,Pisces,11.50527,Taurus,13.58057,Leo,13.21463,Leo,12.92779,Aquarius,8.10864,Aquarius,4.22848,Capricorn,23.87558,Gemini,15.34196,Taurus,14.83651,Scorpio,14.83651
2170-04-25,Aries,8.98627,Cancer,24.99450,Pisces,12.78770,Taurus,14.76498,Leo,13.27021,Leo,12.89531,Aquarius,8.18736,Aquarius,4.26062,Capricorn,23.89065,Gemini,15.35350,Taurus,14.78351,Scorpio,14.78351
2170-04-26,Aries,9.96103,Leo,9.37799,Pisces,14.10578,Taurus,15.94790,Leo,13.33739,Leo,12.86590,Aquarius,8.26488,Aquarius,4.29206,Capricorn,23.90520,Gemini,15.36539,Taurus,14.73052,Scorpio,14.73052
2170-04-27,Aries,10.93519,Leo,24.04400,Pisces,15.45861,Taurus,17.12931,Leo,13.41597,Leo,12.83955,Aquarius,8.34118,Aquarius,4.32280,Capricorn,23.91924,Gemini,15.37762,Taurus,14.67753,Scorpio,14.67753
2170-04-28,Aries,11.90877,Virgo,8.90275,Pisces,16.84544,Taurus,18.30918,Leo,13.50575,Leo,12.81627,Aquarius,8.41625,Aquarius,4.35284,Capricorn,23.93275,Gemini,15.39019,Taurus,14.62454,Scorpio,14.62454
2170-04-29,Aries,12.88179,Virgo,23.83101,Pisces,18.26561,Taurus,19.48748,Leo,13.60652,Leo,12.79606,Aquarius,8.49007,Aquarius,4.38216,Capricorn,23.94573,Gemini,15.40309,Taurus,14.57155,Scorpio,14.57155
2170-04-30,Aries,13.85427,Libra,8.68809,Pisces,19.71858,Taurus,20.66420,Leo,13.71807,Leo,12.77892,Aquarius,8.56264,Aquarius,4.41076,Capricorn,23.95819,Gemini,15.41632,Taurus,14.51856,Scorpio,14.51856
2170-05-01,Aries,14.82624,Libra,23.33741,Pisces,21.20392,Taurus,21.83932,Leo,13.84022,Leo,12.76484,Aquarius,8.63395,Aquarius,4.43865,Capricorn,23.97012,Gemini,15.42989,Taurus,14.46556,Scorpio,14.46556
2170-05-02,Aries,15.79772,Scorpio,7.66714,Pisces,22.72127,Taurus,23.01284,Leo,13.97275,Leo,12.75383,Aquarius,8.70397,Aquarius,4.46580,Capricorn,23.98152,Gemini,15.44377,Taurus,14.41257,Scorpio,14.41257
2170-05-03,Aries,16.76873,Scorpio,21.60366,Pisces,24.27036,Taurus,24.18474,Leo,14.11549,Leo,12.74589,Aquarius,8.77270,Aquarius,4.49223,Capricorn,23.99239,Gemini,15.45798,Taurus,14.35958,Scorpio,14.35958
2170-05-04,Aries,17.73931,Sagittarius,5.11583,Pisces,25.85100,Taurus,25.35500,Leo,14.26827,Leo,12.74100,Aquarius,8.84011,Aquarius,4.51791,Capricorn,24.00273,Gemini,15.47251,Taurus,14.30659,Scorpio,14.30659
2170-05-05,Aries,18.70946,Sagittarius,18.21135,Pisces,27.46304,Taurus,26.52363,Leo,14.43090,Leo,12.73918,Aquarius,8.90621,Aquarius,4.54285,Capricorn,24.01253,Gemini,15.48735,Taurus,14.25360,Scorpio,14.25360
2170-05-06,Aries,19.67920,Capricorn,0.92855,Pisces,29.10644,Taurus,27.69059,Leo,14.60323,Leo,12.74041,Aquarius,8.97097,Aquarius,4.56704,Capricorn,24.02179,Gemini,15.50251,Taurus,14.20060,Scorpio,14.20060
2170-05-07,Aries,20.64853,Capricorn,13.32685,Aries,0.78116,Taurus,28.85588,Leo,14.78508,Leo,12.74471,Aquarius,9.03437,Aquarius,4.59047,Capricorn,24.03051,Gemini,15.51797,Taurus,14.14761,Scorpio,14.14761
2170-05-08,Aries,21.61747,Capricorn,25.47786,Aries,2.48723,Gemini,0.01946,Leo,14.97629,Leo,12.75205,Aquarius,9.09641,Aquarius,4.61315,Capricorn,24.03868,Gemini,15.53374,Taurus,14.09462,Scorpio,14.09462
2170-05-09,Aries,22.58601,Aquarius,7.45812,Aries,4.22470,Gemini,1.18132,Leo,15.17671,Leo,12.76244,Aquarius,9.15707,Aquarius,4.63505,Capricorn,24.04631,Gemini,15.54981,Taurus,14.04163,Scorpio,14.04163
2170-05-10,Aries,23.55417,Aquarius,19.34351,Aries,5.99363,Gemini,2.34142,Leo,15.38617,Leo,12.77588,Aquarius,9.21633,Aquarius,4.65619,Capricorn,24.05340,Gemini,15.56618,Taurus,13.98864,Scorpio,13.98864
2170-05-11,Aries,24.52193,Pisces,1.20517,Aries,7.79409,Gemini,3.49974,Leo,15.60451,Leo,12.79235,Aquarius,9.27418,Aquarius,4.67654,Capricorn,24.05994,Gemini,15.58285,Taurus,13.93564,Scorpio,13.93564
2170-05-12,Aries,25.48930,Pisces,13.10665,Aries,9.62611,Gemini,4.65625,Leo,15.83158,Leo,12.81185,Aquarius,9.33061,Aquarius,4.69612,Capricorn,24.06593,Gemini,15.59980,Taurus,13.88265,Scorpio,13.88265
2170-05-13,Aries,26.45628,Pisces,25.10196,Aries,11.48968,Gemini,5.81091,Leo,16.06721,Leo,12.83436,Aquarius,9.38559,Aquarius,4.71491,Capricorn,24.07137,Gemini,15.61704,Taurus,13.82966,Scorpio,13.82966
2170-05-14,Aries,27.42285,Aries,7.23469,Aries,13.38471,Gemini,6.96368,Leo,16.31127,Leo,12.85989,Aquarius,9.43913,Aquarius,4.73291,Capricorn,24.07626,Gemini,15.63456,Taurus,13.77667,Scorpio,13.77667
2170-05-15,Aries,28.38902,Aries,19.53794,Aries,15.31101,Gemini,8.11451,Leo,16.56358,Leo,12.88841,Aquarius,9.49120,Aquarius,4.75011,Capricorn,24.08060,Gemini,15.65235,Taurus,13.72368,Scorpio,13.72368
2170-05-16,Aries,29.35477,Taurus,2.03516,Aries,17.26824,Gemini,9.26338,Leo,16.82399,Leo,12.91991,Aquarius,9.54180,Aquarius,4.76652,Capricorn,24.08438,Gemini,15.67042,Taurus,13.67069,Scorpio,13.67069
2170-05-17,Taurus,0.32010,Taurus,14.74179,Aries,19.25589,Gemini,10.41022,Leo,17.09235,Leo,12.95438,Aquarius,9.59091,Aquarius,4.78213,Capricorn,24.08762,Gemini,15.68876,Taurus,13.61769,Scorpio,13.61769
2170-05-18,Taurus,1.28500,Taurus,27.66723,Aries,21.27321,Gemini,11.55498,Leo,17.36851,Leo,12.99179,Aquarius,9.63852,Aquarius,4.79693,Capricorn,24.09030,Gemini,15.70736,Taurus,13.56470,Scorpio,13.56470
2170-05-19,Taurus,2.24945,Gemini,10.81688,Aries,23.31918,Gemini,12.69761,Leo,17.65230,Leo,13.03215,Aquarius,9.68462,Aquarius,4.81092,Capricorn,24.09244,Gemini,15.72621,Taurus,13.51171,Scorpio,13.51171
2170-05-20,Taurus,3.21346,Gemini,24.19333,Aries,25.39248,Gemini,13.83805,Leo,17.94356,Leo,13.07541,Aquarius,9.72920,Aquarius,4.82411,Capricorn,24.09402,Gemini,15.74532,Taurus,13.45872,Scorpio,13.45872
2170-05-21,Taurus,4.17700,Cancer,7.79641,Aries,27.49142,Gemini,14.97624,Leo,18.24214,Leo,13.12157,Aquarius,9.77226,Aquarius,4.83648,Capricorn,24.09506,Gemini,15.76468,Taurus,13.40573,Scorpio,13.40573
2170-05-22,Taurus,5.14008,Cancer,21.62158,Aries,29.61393,Gemini,16.11211,Leo,18.54788,Leo,13.17059,Aquarius,9.81378,Aquarius,4.84805,Capricorn,24.09555,Gemini,15.78428,Taurus,13.35273,Scorpio,13.35273
2170-05-23,Taurus,6.10269,Leo,5.65680,Taurus,1.75752,Gemini,17.24559,Leo,18.86061,Leo,13.22246,Aquarius,9.85375,Aquarius,4.85880,Capricorn,24.09550,Gemini,15.80412,Taurus,13.29974,Scorpio,13.29974
2170-05-24,Taurus,7.06484,Leo,19.87845,Taurus,3.91926,Gemini,18.37662,Leo,19.18017,Leo,13.27716,Aquarius,9.89218,Aquarius,4.86874,Capricorn,24.09490,Gemini,15.82419,Taurus,13.24675,Scorpio,13.24675
2170-05-25,Taurus,8.02654,Virgo,4.24762,Taurus,6.09580,Gemini,19.50513,Leo,19.50641,Leo,13.33464,Aquarius,9.92905,Aquarius,4.87787,Capricorn,24.09376,Gemini,15.84448,Taurus,13.19376,Scorpio,13.19376
2170-05-26,Taurus,8.98780,Virgo,18.70804,Taurus,8.28339,Gemini,20.63106,Leo,19.83916,Leo,13.39489,Aquarius,9.96436,Aquarius,4.88619,Capricorn,24.09209,Gemini,15.86500,Taurus,13.14077,Scorpio,13.14077
2170-05-27,Taurus,9.94863,Libra,3.18731,Taurus,10.47804,Gemini,21.75435,Leo,20.17828,Leo,13.45789,Aquarius,9.99811,Aquarius,4.89369,Capricorn,24.08987,Gemini,15.88573,Taurus,13.08778,Scorpio,13.08778
2170-05-28,Taurus,10.90907,Libra,17.60194,Taurus,12.67523,Gemini,22.87494,Leo,20.52362,Leo,13.52359,Aquarius,10.03028,Aquarius,4.90038,Capricorn,24.08713,Gemini,15.90668,Taurus,13.03478,Scorpio,13.03478
2170-05-29,Taurus,11.86913,Scorpio,1.86572,Taurus,14.87052,Gemini,23.99277,Leo,20.87504,Leo,13.59199,Aquarius,10.06087,Aquarius,4.90626,Capricorn,24.08385,Gemini,15.92783,Taurus,12.98179,Scorpio,12.98179
2170-05-30,Taurus,12.82884,Scorpio,15.89967,Taurus,17.05928,Gemini,25.10780,Leo,21.23241,Leo,13.66305,Aquarius,10.08987,Aquarius,4.91133,Capricorn,24.08004,Gemini,15.94918,Taurus,12.92880,Scorpio,12.92880
2170-05-31,Taurus,13.78824,Scorpio,29.64131,Taurus,19.23692,Gemini,26.21997,Leo,21.59562,Leo,13.73675,Aquarius,10.11729,Aquarius,4.91558,Capricorn,24.07570,Gemini,15.97073,Taurus,12.87581,Scorpio,12.87581
2170-06-01,Taurus,14.74734,Sagittarius,13.05132,Taurus,21.39902,Gemini,27.32923,Leo,21.96454,Leo,13.81307,Aquarius,10.14310,Aquarius,4.91903,Capricorn,24.07084,Gemini,15.99248,Taurus,12.82282,Scorpio,12.82282
2170-06-02,Taurus,15.70617,Sagittarius,26.11653,Taurus,23.54136,Gemini,28.43552,Leo,22.33907,Leo,13.89198,Aquarius,10.16731,Aquarius,4.92166,Capricorn,24.06545,Gemini,16.01441,Taurus,12.76982,Scorpio,12.76982
2170-06-03,Taurus,16.66475,Capricorn,8.84943,Taurus,25.66006,Gemini,29.53881,Leo,22.71912,Leo,13.97347,Aquarius,10.18990,Aquarius,4.92348,Capricorn,24.05954,Gemini,16.03652,Taurus,12.71683,Scorpio,12.71683
2170-06-04,Taurus,17.62309,Capricorn,21.28505,Taurus,27.75162,Cancer,0.63902,Leo,23.10458,Leo,14.05750,Aquarius,10.21088,Aquarius,4.92448,Capricorn,24.05311,Gemini,16.05882,Taurus,12.66384,Scorpio,12.66384
2170-06-05,Taurus,18.58122,Aquarius,3.47629,Taurus,29.81294,Cancer,1.73610,Leo,23.49536,Leo,14.14407,Aquarius,10.23023,Aquarius,4.92468,Capricorn,24.04616,Gemini,16.08128,Taurus,12.61085,Scorpio,12.61085
2170-06-06,Taurus,19.53914,Aquarius,15.48883,Gemini,1.84134,Cancer,2.82998,Leo,23.89138,Leo,14.23314,Aquarius,10.24794,Aquarius,4.92406,Capricorn,24.03870,Gemini,16.10392,Taurus,12.55786,Scorpio,12.55786
2170-06-07,Taurus,20.49686,Aquarius,27.39614,Gemini,3.83457,Cancer,3.92059,Leo,24.29255,Leo,14.32469,Aquarius,10.26402,Aquarius,4.92263,Capricorn,24.03073,Gemini,16.12672,Taurus,12.50486,Scorpio,12.50487
2170-06-08,Taurus,21.45439,Pisces,9.27495,Gemini,5.79075,Cancer,5.00786,Leo,24.69878,Leo,14.41871,Aquarius,10.27845,Aquarius,4.92039,Capricorn,24.02225,Gemini,16.14968,Taurus,12.45187,Scorpio,12.45187
2170-06-09,Taurus,22.41173,Pisces,21.20116,Gemini,7.70837,Cancer,6.09171,Leo,25.10999,Leo,14.51516,Aquarius,10.29124,Aquarius,4.91734,Capricorn,24.01326,Gemini,16.17279,Taurus,12.39888,Scorpio,12.39888
2170-06-10,Taurus,23.36889,Aries,3.24602,Gemini,9.58621,Cancer,7.17205,Leo,25.52609,Leo,14.61403,Aquarius,10.30237,Aquarius,4.91349,Capricorn,24.00377,Gemini,16.19605,Taurus,12.34589,Scorpio,12.34589
2170-06-11,Taurus,24.32587,Aries,15.47251,Gemini,11.42333,Cancer,8.24881,Leo,25.94701,Leo,14.71529,Aquarius,10.31185,Aquarius,4.90883,Capricorn,23.99378,Gemini,16.21945,Taurus,12.29290,Scorpio,12.29290
2170-06-12,Taurus,25.28267,Aries,27.93183,Gemini,13.21898,Cancer,9.32188,Leo,26.37267,Leo,14.81891,Aquarius,10.31967,Aquarius,4.90336,Capricorn,23.98330,Gemini,16.24298,Taurus,12.23991,Scorpio,12.23991
2170-06-13,Taurus,26.23927,Taurus,10.66016,Gemini,14.97261,Cancer,10.39117,Leo,26.80299,Leo,14.92487,Aquarius,10.32583,Aquarius,4.89710,Capricorn,23.97233,Gemini,16.26665,Taurus,12.18691,Scorpio,12.18691
2170-06-14,Taurus,27.19569,Taurus,23.67609,Gemini,16.68375,Cancer,11.45656,Leo,27.23789,Leo,15.03315,Aquarius,10.33033,Aquarius,4.89004,Capricorn,23.96087,Gemini,16.29045,Taurus,12.13392,Scorpio,12.13392
2170-06-15,Taurus,28.15191,Gemini,6.97917,Gemini,18.35203,Cancer,12.51795,Leo,27.67730,Leo,15.14372,Aquarius,10.33317,Aquarius,4.88218,Capricorn,23.94892,Gemini,16.31436,Taurus,12.08093,Scorpio,12.08093
2170-06-16,Taurus,29.10792,Gemini,20.55035,Gemini,19.97713,Cancer,13.57520,Leo,28.12112,Leo,15.25655,Aquarius,10.33435,Aquarius,4.87354,Capricorn,23.93651,Gemini,16.33839,Taurus,12.02794,Scorpio,12.02794
2170-06-17,Gemini,0.06371,Cancer,4.35438,Gemini,21.55873,Cancer,14.62819,Leo,28.56929,Leo,15.37161,Aquarius,10.33387,Aquarius,4.86411,Capricorn,23.92362,Gemini,16.36252,Taurus,11.97495,Scorpio,11.97495
2170-06-18,Gemini,1.01927,Cancer,18.34436,Gemini,23.09651,Cancer,15.67677,Leo,29.02171,Leo,15.48887,Aquarius,10.33174,Aquarius,4.85391,Capricorn,23.91027,Gemini,16.38676,Taurus,11.92195,Scorpio,11.92195
2170-06-19,Gemini,1.97460,Leo,2.46737,Gemini,24.59012,Cancer,16.72080,Leo,29.47829,Leo,15.60830,Aquarius,10.32795,Aquarius,4.84293,Capricorn,23.89645,Gemini,16.41109,Taurus,11.86896,Scorpio,11.86896
2170-06-20,Gemini,2.92969,Leo,16.67011,Gemini,26.03913,Cancer,17.76013,Leo,29.93897,Leo,15.72988,Aquarius,10.32253,Aquarius,4.83118,Capricorn,23.88219,Gemini,16.43551,Taurus,11.81597,Scorpio,11.81597
2170-06-21,Gemini,3.88454,Virgo,0.90318,Gemini,27.44308,Cancer,18.79458,Virgo,0.40363,Leo,15.85356,Aquarius,10.31546,Aquarius,4.81867,Capricorn,23.86748,Gemini,16.46001,Taurus,11.76298,Scorpio,11.76298
2170-06-22,Gemini,4.83916,Virgo,15.12299,Gemini,28.80140,Cancer,19.82401,Virgo,0.87221,Leo,15.97933,Aquarius,10.30676,Aquarius,4.80541,Capricorn,23.85232,Gemini,16.48459,Taurus,11.70999,Scorpio,11.70999
2170-06-23,Gemini,5.79355,Virgo,29.29143,Cancer,0.11343,Cancer,20.84824,Virgo,1.34461,Leo,16.10714,Aquarius,10.29643,Aquarius,4.79140,Capricorn,23.83674,Gemini,16.50924,Taurus,11.65700,Scorpio,11.65700
2170-06-24,Gemini,6.74774,Libra,13.37386,Cancer,1.37844,Cancer,21.86711,Virgo,1.82076,Leo,16.23697,Aquarius,10.28449,Aquarius,4.77665,Capricorn,23.82073,Gemini,16.53396,Taurus,11.60400,Scorpio,11.60400
2170-06-25,Gemini,7.70174,Libra,27.33670,Cancer,2.59554,Cancer,22.88045,Virgo,2.30059,Leo,16.36880,Aquarius,10.27094,Aquarius,4.76116,Capricorn,23.80429,Gemini,16.55874,Taurus,11.55101,Scorpio,11.55101
2170-06-26,Gemini,8.65557,Scorpio,11.14598,Cancer,3.76378,Cancer,23.88810,Virgo,2.78401,Leo,16.50258,Aquarius,10.25578,Aquarius,4.74495,Capricorn,23.78745,Gemini,16.58357,Taurus,11.49802,Scorpio,11.49802
2170-06-27,Gemini,9.60926,Scorpio,24.76755,Cancer,4.88206,Cancer,24.88989,Virgo,3.27097,Leo,16.63830,Aquarius,10.23902,Aquarius,4.72802,Capricorn,23.77019,Gemini,16.60845,Taurus,11.44503,Scorpio,11.44503
2170-06-28,Gemini,10.56284,Sagittarius,8.16945,Cancer,5.94916,Cancer,25.88565,Virgo,3.76140,Leo,16.77592,Aquarius,10.22068,Aquarius,4.71037,Capricorn,23.75253,Gemini,16.63338,Taurus,11.39204,Scorpio,11.39204
2170-06-29,Gemini,11.51633,Sagittarius,21.32577,Cancer,6.96374,Cancer,26.87520,Virgo,4.25525,Leo,16.91543,Aquarius,10.20075,Aquarius,4.69201,Capricorn,23.73448,Gemini,16.65834,Taurus,11.33904,Scorpio,11.33904
2170-06-30,Gemini,12.46976,Capricorn,4.22105,Cancer,7.92433,Cancer,27.85837,Virgo,4.75248,Leo,17.05680,Aquarius,10.17925,Aquarius,4.67296,Capricorn,23.71603,Gemini,16.68334,Taurus,11.28605,Scorpio,11.28605
2170-07-01,Gemini,13.42315,Capricorn,16.85408,Cancer,8.82935,Cancer,28.83498,Virgo,5.25303,Leo,17.20001,Aquarius,10.15618,Aquarius,4.65320,Capricorn,23.69720,Gemini,16.70837,Taurus,11.23306,Scorpio,11.23306
2170-07-02,Gemini,14.37653,Capricorn,29.24030,Cancer,9.67706,Cancer,29.80484,Virgo,5.75686,Leo,17.34502,Aquarius,10.13155,Aquarius,4.63277,Capricorn,23.67800,Gemini,16.73342,Taurus,11.18007,Scorpio,11.18007
2170-07-03,Gemini,15.32990,Aquarius,11.41225,Cancer,10.46566,Leo,0.76775,Virgo,6.26394,Leo,17.49183,Aquarius,10.10537,Aquarius,4.61165,Capricorn,23.65842,Gemini,16.75848,Taurus,11.12708,Scorpio,11.12708
2170-07-04,Gemini,16.28330,Aquarius,23.41851,Cancer,11.19321,Leo,1.72350,Virgo,6.77422,Leo,17.64040,Aquarius,10.07765,Aquarius,4.58986,Capricorn,23.63848,Gemini,16.78355,Taurus,11.07408,Scorpio,11.07408
2170-07-05,Gemini,17.23674,Pisces,5.32126,Cancer,11.85769,Leo,2.67189,Virgo,7.28767,Leo,17.79072,Aquarius,10.04840,Aquarius,4.56740,Capricorn,23.61819,Gemini,16.80863,Taurus,11.02109,Scorpio,11.02109
2170-07-06,Gemini,18.19022,Pisces,17.19310,Cancer,12.45703,Leo,3.61267,Virgo,7.80424,Leo,17.94276,Aquarius,10.01762,Aquarius,4.54429,Capricorn,23.59754,Gemini,16.83370,Taurus,10.96810,Scorpio,10.96810
2170-07-07,Gemini,19.14376,Pisces,29.11335,Cancer,12.98909,Leo,4.54561,Virgo,8.32392,Leo,18.09650,Aquarius,9.98534,Aquarius,4.52053,Capricorn,23.57655,Gemini,16.85878,Taurus,10.91511,Scorpio,10.91511
2170-07-08,Gemini,20.09738,Aries,11.16384,Cancer,13.45176,Leo,5.47047,Virgo,8.84666,Leo,18.25191,Aquarius,9.95157,Aquarius,4.49612,Capricorn,23.55523,Gemini,16.88386,Taurus,10.86212,Scorpio,10.86212
2170-07-09,Gemini,21.05106,Aries,23.42408,Cancer,13.84297,Leo,6.38698,Virgo,9.37243,Leo,18.40897,Aquarius,9.91631,Aquarius,4.47109,Capricorn,23.53358,Gemini,16.90892,Taurus,10.80913,Scorpio,10.80913
2170-07-10,Gemini,22.00482,Taurus,5.96546,Cancer,14.16070,Leo,7.29485,Virgo,9.90119,Leo,18.56766,Aquarius,9.87958,Aquarius,4.44544,Capricorn,23.51160,Gemini,16.93396,Taurus,10.75613,Scorpio,10.75613
2170-07-11,Gemini,22.95867,Taurus,18.84448,Cancer,14.40314,Leo,8.19380,Virgo,10.43293,Leo,18.72796,Aquarius,9.84140,Aquarius,4.41918,Capricorn,23.48932,Gemini,16.95897,Taurus,10.70314,Scorpio,10.70314
2170-07-12,Gemini,23.91258,Gemini,2.09528,Cancer,14.56869,Leo,9.08352,Virgo,10.96759,Leo,18.88984,Aquarius,9.80179,Aquarius,4.39231,Capricorn,23.46674,Gemini,16.98394,Taurus,10.65015,Scorpio,10.65015
2170-07-13,Gemini,24.86658,Gemini,15.72253,Cancer,14.65604,Leo,9.96367,Virgo,11.50515,Leo,19.05327,Aquarius,9.76076,Aquarius,4.36486,Capricorn,23.44386,Gemini,17.00888,Taurus,10.59716,Scorpio,10.59716
2170-07-14,Gemini,25.82063,Gemini,29.69669,Cancer,14.66435,Leo,10.83390,Virgo,12.04556,Leo,19.21824,Aquarius,9.71833,Aquarius,4.33682,Capricorn,23.42069,Gemini,17.03377,Taurus,10.54417,Scorpio,10.54417
2170-07-15,Gemini,26.77474,Cancer,13.95413,Cancer,14.59326,Leo,11.69384,Virgo,12.58880,Leo,19.38470,Aquarius,9.67452,Aquarius,4.30822,Capricorn,23.39725,Gemini,17.05861,Taurus,10.49117,Scorpio,10.49117
2170-07-16,Gemini,27.72888,Cancer,28.40378,Cancer,14.44309,Leo,12.54309,Virgo,13.13482,Leo,19.55264,Aquarius,9.62936,Aquarius,4.27907,Capricorn,23.37354,Gemini,17.08339,Taurus,10.43818,Scorpio,10.43818
2170-07-17,Gemini,28.68306,Leo,12.94020,Cancer,14.21494,Leo,13.38122,Virgo,13.68358,Leo,19.72204,Aquarius,9.58287,Aquarius,4.24937,Capricorn,23.34958,Gemini,17.10810,Taurus,10.38519,Scorpio,10.38519
2170-07-18,Gemini,29.63727,Leo,27.45978,Cancer,13.91080,Leo,14.20779,Virgo,14.23502,Leo,19.89285,Aquarius,9.53507,Aquarius,4.21914,Capricorn,23.32536,Gemini,17.13274,Taurus,10.33220,Scorpio,10.33220
2170-07-19,Cancer,0.59149,Virgo,11.87537,Cancer,13.53370,Leo,15.02233,Virgo,14.78910,Leo,20.06505,Aquarius,9.48598,Aquarius,4.18840,Capricorn,23.30091,Gemini,17.15731,Taurus,10.27921,Scorpio,10.27921
2170-07-20,Cancer,1.54573,Virgo,26.12520,Cancer,13.08783,Leo,15.82436,Virgo,15.34577,Leo,20.23862,Aquarius,9.43564,Aquarius,4.15716,Capricorn,23.27624,Gemini,17.18179,Taurus,10.22622,Scorpio,10.22622
2170-07-21,Cancer,2.49999,Libra,10.17431,Cancer,12.57859,Leo,16.61339,Virgo,15.90499,Leo,20.41353,Aquarius,9.38406,Aquarius,4.12543,Capricorn,23.25134,Gemini,17.20619,Taurus,10.17322,Scorpio,10.17322
2170-07-22,Cancer,3.45429,Libra,24.00998,Cancer,12.01265,Leo,17.38888,Virgo,16.46671,Leo,20.58974,Aquarius,9.33128,Aquarius,4.09323,Capricorn,23.22624,Gemini,17.23049,Taurus,10.12023,Scorpio,10.12023
2170-07-23,Cancer,4.40864,Scorpio,7.63382,Cancer,11.39798,Leo,18.15032,Virgo,17.03090,Leo,20.76725,Aquarius,9.27731,Aquarius,4.06056,Capricorn,23.20094,Gemini,17.25469,Taurus,10.06724,Scorpio,10.06724
2170-07-24,Cancer,5.36306,Scorpio,21.05350,Cancer,10.74375,Leo,18.89716,Virgo,17.59751,Leo,20.94601,Aquarius,9.22219,Aquarius,4.02744,Capricorn,23.17545,Gemini,17.27879,Taurus,10.01425,Scorpio,10.01425
2170-07-25,Cancer,6.31756,Sagittarius,4.27639,Cancer,10.06030,Leo,19.62883,Virgo,18.16651,Leo,21.12601,Aquarius,9.16593,Aquarius,3.99389,Capricorn,23.14978,Gemini,17.30278,Taurus,9.96126,Scorpio,9.96126
2170-07-26,Cancer,7.27218,Sagittarius,17.30611,Cancer,9.35887,Leo,20.34477,Virgo,18.73787,Leo,21.30723,Aquarius,9.10857,Aquarius,3.95991,Capricorn,23.12394,Gemini,17.32665,Taurus,9.90826,Scorpio,9.90826
2170-07-27,Cancer,8.22693,Capricorn,0.14227,Cancer,8.65151,Leo,21.04437,Virgo,19.31156,Leo,21.48965,Aquarius,9.05013,Aquarius,3.92552,Capricorn,23.09794,Gemini,17.35041,Taurus,9.85527,Scorpio,9.85527
2170-07-28,Cancer,9.18185,Capricorn,12.78300,Cancer,7.95070,Leo,21.72703,Virgo,19.88757,Leo,21.67323,Aquarius,8.99064,Aquarius,3.89074,Capricorn,23.07178,Gemini,17.37404,Taurus,9.80228,Scorpio,9.80228
2170-07-29,Cancer,10.13695,Capricorn,25.22905,Cancer,7.26915,Leo,22.39210,Virgo,20.46587,Leo,21.85797,Aquarius,8.93012,Aquarius,3.85557,Capricorn,23.04548,Gemini,17.39754,Taurus,9.74929,Scorpio,9.74929
2170-07-30,Cancer,11.09226,Aquarius,7.48833,Cancer,6.61948,Leo,23.03894,Virgo,21.04644,Leo,22.04385,Aquarius,8.86860,Aquarius,3.82003,Capricorn,23.01905,Gemini,17.42090,Taurus,9.69630,Scorpio,9.69630
2170-07-31,Cancer,12.04780,Aquarius,19.57989,Cancer,6.01392,Leo,23.66686,Virgo,21.62927,Leo,22.23084,Aquarius,8.80611,Aquarius,3.78413,Capricorn,22.99249,Gemini,17.44413,Taurus,9.64331,Scorpio,9.64331
2170-08-01,Cancer,13.00359,Pisces,1.53643,Cancer,5.46406,Leo,24.27516,Virgo,22.21433,Leo,22.41892,Aquarius,8.74267,Aquarius,3.74788,Capricorn,22.96581,Gemini,17.46721,Taurus,9.59031,Scorpio,9.59031
2170-08-02,Cancer,13.95964,Pisces,13.40521,Cancer,4.98063,Leo,24.86310,Virgo,22.80163,Leo,22.60808,Aquarius,8.67832,Aquarius,3.71131,Capricorn,22.93903,Gemini,17.49014,Taurus,9.53732,Scorpio,9.53732
2170-08-03,Cancer,14.91598,Pisces,25.24749,Cancer,4.57333,Leo,25.42994,Virgo,23.39113,Leo,22.79830,Aquarius,8.61308,Aquarius,3.67442,Capricorn,22.91215,Gemini,17.51291,Taurus,9.48433,Scorpio,9.48433
2170-08-04,Cancer,15.87262,Aries,7.13663,Cancer,4.25073,Leo,25.97488,Virgo,23.98284,Leo,22.98955,Aquarius,8.54699,Aquarius,3.63722,Capricorn,22.88519,Gemini,17.53553,Taurus,9.43134,Scorpio,9.43134
2170-08-05,Cancer,16.82957,Aries,19.15498,Cancer,4.02018,Leo,26.49711,Virgo,24.57674,Leo,23.18182,Aquarius,8.48007,Aquarius,3.59974,Capricorn,22.85814,Gemini,17.55798,Taurus,9.37835,Scorpio,9.37835
2170-08-06,Cancer,17.78684,Taurus,1.38951,Cancer,3.88782,Leo,26.99580,Virgo,25.17282,Leo,23.37508,Aquarius,8.41236,Aquarius,3.56198,Capricorn,22.83103,Gemini,17.58025,Taurus,9.32535,Scorpio,9.32535
2170-08-07,Cancer,18.74445,Taurus,13.92576,Cancer,3.85861,Leo,27.47007,Virgo,25.77106,Leo,23.56932,Aquarius,8.34389,Aquarius,3.52396,Capricorn,22.80387,Gemini,17.60235,Taurus,9.27236,Scorpio,9.27236
2170-08-08,Cancer,19.70238,Taurus,26.83962,Cancer,3.93639,Leo,27.91904,Virgo,26.37146,Leo,23.76452,Aquarius,8.27470,Aquarius,3.48570,Capricorn,22.77665,Gemini,17.62427,Taurus,9.21937,Scorpio,9.21937
2170-08-09,Cancer,20.66065,Gemini,10.18676,Cancer,4.12395,Leo,28.34179,Virgo,26.97399,Leo,23.96065,Aquarius,8.20481,Aquarius,3.44721,Capricorn,22.74940,Gemini,17.64600,Taurus,9.16638,Scorpio,9.16638
2170-08-10,Cancer,21.61926,Gemini,23.99040,Cancer,4.42312,Leo,28.73737,Virgo,27.57866,Leo,24.15770,Aquarius,8.13427,Aquarius,3.40852,Capricorn,22.72213,Gemini,17.66753,Taurus,9.11339,Scorpio,9.11339
2170-08-11,Cancer,22.57819,Cancer,8.22996,Cancer,4.83488,Leo,29.10480,Virgo,28.18545,Leo,24.35564,Aquarius,8.06311,Aquarius,3.36962,Capricorn,22.69484,Gemini,17.68887,Taurus,9.06039,Scorpio,9.06039
2170-08-12,Cancer,23.53744,Cancer,22.83467,Cancer,5.35944,Leo,29.44308,Virgo,28.79432,Leo,24.55445,Aquarius,7.99137,Aquarius,3.33055,Capricorn,22.66754,Gemini,17.71000,Taurus,9.00740,Scorpio,9.00740
2170-08-13,Cancer,24.49699,Leo,7.68729,Cancer,5.99627,Leo,29.75118,Virgo,29.40528,Leo,24.75410,Aquarius,7.91909,Aquarius,3.29131,Capricorn,22.64026,Gemini,17.73092,Taurus,8.95441,Scorpio,8.95441
2170-08-14,Cancer,25.45684,Leo,22.64004,Cancer,6.74425,Virgo,0.02805,Libra,0.01828,Leo,24.95458,Aquarius,7.84631,Aquarius,3.25194,Capricorn,22.61299,Gemini,17.75162,Taurus,8.90142,Scorpio,8.90142
2170-08-15,Cancer,26.41696,Virgo,7.53986,Cancer,7.60162,Virgo,0.27264,Libra,0.63331,Leo,25.15584,Aquarius,7.77307,Aquarius,3.21243,Capricorn,22.58575,Gemini,17.77211,Taurus,8.84843,Scorpio,8.84843
2170-08-16,Cancer,27.37734,Virgo,22.25459,Cancer,8.56604,Virgo,0.48390,Libra,1.25033,Leo,25.35788,Aquarius,7.69941,Aquarius,3.17282,Capricorn,22.55856,Gemini,17.79236,Taurus,8.79544,Scorpio,8.79544
2170-08-17,Cancer,28.33798,Libra,6.69112,Cancer,9.63462,Virgo,0.66081,Libra,1.86931,Leo,25.56067,Aquarius,7.62536,Aquarius,3.13312,Capricorn,22.53141,Gemini,17.81239,Taurus,8.74244,Scorpio,8.74244
2170-08-18,Cancer,29.29888,Libra,20.80115,Cancer,10.80389,Virgo,0.80236,Libra,2.49023,Leo,25.76417,Aquarius,7.55098,Aquarius,3.09334,Capricorn,22.50433,Gemini,17.83217,Taurus,8.68945,Scorpio,8.68945
2170-08-19,Leo,0.26004,Scorpio,4.57583,Cancer,12.06978,Virgo,0.90763,Libra,3.11305,Leo,25.96838,Aquarius,7.47629,Aquarius,3.05351,Capricorn,22.47732,Gemini,17.85172,Taurus,8.63646,Scorpio,8.63646
2170-08-20,Leo,1.22147,Scorpio,18.03425,Cancer,13.42767,Virgo,0.97574,Libra,3.73776,Leo,26.17326,Aquarius,7.40134,Aquarius,3.01363,Capricorn,22.45040,Gemini,17.87102,Taurus,8.58347,Scorpio,8.58347
2170-08-21,Leo,2.18318,Sagittarius,1.21051,Cancer,14.87233,Virgo,1.00591,Libra,4.36432,Leo,26.37880,Aquarius,7.32616,Aquarius,2.97373,Capricorn,22.42357,Gemini,17.89008,Taurus,8.53048,Scorpio,8.53048
2170-08-22,Leo,3.14519,Sagittarius,14.14289,Cancer,16.39800,Virgo,0.99745,Libra,4.99272,Leo,26.58497,Aquarius,7.25080,Aquarius,2.93382,Capricorn,22.39684,Gemini,17.90887,Taurus,8.47748,Scorpio,8.47748
2170-08-23,Leo,4.10751,Sagittarius,26.86628,Cancer,17.99839,Virgo,0.94981,Libra,5.62294,Leo,26.79176,Aquarius,7.17529,Aquarius,2.89392,Capricorn,22.37023,Gemini,17.92741,Taurus,8.42449,Scorpio,8.42449
2170-08-24,Leo,5.07017,Capricorn,9.40844,Cancer,19.66678,Virgo,0.86256,Libra,6.25497,Leo,26.99915,Aquarius,7.09967,Aquarius,2.85403,Capricorn,22.34373,Gemini,17.94569,Taurus,8.37150,Scorpio,8.37150
2170-08-25,Leo,6.03319,Capricorn,21.78953,Cancer,21.39611,Virgo,0.73543,Libra,6.88880,Leo,27.20712,Aquarius,7.02397,Aquarius,2.81419,Capricorn,22.31737,Gemini,17.96371,Taurus,8.31851,Scorpio,8.31851
2170-08-26,Leo,6.99658,Aquarius,4.02432,Cancer,23.17911,Virgo,0.56833,Libra,7.52440,Leo,27.41565,Aquarius,6.94823,Aquarius,2.77440,Capricorn,22.29115,Gemini,17.98145,Taurus,8.26552,Scorpio,8.26552
2170-08-27,Leo,7.96037,Aquarius,16.12600,Cancer,25.00842,Virgo,0.36138,Libra,8.16178,Leo,27.62473,Aquarius,6.87250,Aquarius,2.73468,Capricorn,22.26509,Gemini,17.99892,Taurus,8.21253,Scorpio,8.21253
2170-08-28,Leo,8.92458,Aquarius,28.11085,Cancer,26.87673,Virgo,0.11490,Libra,8.80093,Leo,27.83433,Aquarius,6.79680,Aquarius,2.69505,Capricorn,22.23918,Gemini,18.01611,Taurus,8.15953,Scorpio,8.15953
2170-08-29,Leo,9.88922,Pisces,10.00248,Cancer,28.77694,Leo,29.82946,Libra,9.44184,Leo,28.04445,Aquarius,6.72118,Aquarius,2.65551,Capricorn,22.21344,Gemini,18.03302,Taurus,8.10654,Scorpio,8.10654
2170-08-30,Leo,10.85433,Pisces,21.83527,Leo,0.70226,Leo,29.50588,Libra,10.08450,Leo,28.25505,Aquarius,6.64567,Aquarius,2.61609,Capricorn,22.18788,Gemini,18.04964,Taurus,8.05355,Scorpio,8.05355
2170-08-31,Leo,11.81990,Aries,3.65635,Leo,2.64634,Leo,29.14525,Libra,10.72892,Leo,28.46613,Aquarius,6.57031,Aquarius,2.57681,Capricorn,22.16251,Gemini,18.06597,Taurus,8.00056,Scorpio,8.00056
2170-09-01,Leo,12.78597,Aries,15.52612,Leo,4.60332,Leo,28.74897,Libra,11.37508,Leo,28.67767,Aquarius,6.49514,Aquarius,2.53767,Capricorn,22.13734,Gemini,18.08201,Taurus,7.94757,Scorpio,7.94757
2170-09-02,Leo,13.75253,Aries,27.51724,Leo,6.56791,Leo,28.31870,Libra,12.02300,Leo,28.88965,Aquarius,6.42019,Aquarius,2.49869,Capricorn,22.11237,Gemini,18.09775,Taurus,7.89457,Scorpio,7.89457
2170-09-03,Leo,14.71962,Taurus,9.71190,Leo,8.53542,Leo,27.85642,Libra,12.67265,Leo,29.10205,Aquarius,6.34552,Aquarius,2.45989,Capricorn,22.08762,Gemini,18.11318,Taurus,7.84158,Scorpio,7.84158
2170-09-04,Leo,15.68723,Taurus,22.19713,Leo,10.50171,Leo,27.36441,Libra,13.32404,Leo,29.31485,Aquarius,6.27114,Aquarius,2.42129,Capricorn,22.06310,Gemini,18.12831,Taurus,7.78859,Scorpio,7.78859
2170-09-05,Leo,16.65537,Gemini,5.05738,Leo,12.46325,Leo,26.84524,Libra,13.97717,Leo,29.52803,Aquarius,6.19711,Aquarius,2.38290,Capricorn,22.03882,Gemini,18.14313,Taurus,7.73560,Scorpio,7.73560
2170-09-06,Leo,17.62405,Gemini,18.36395,Leo,14.41701,Leo,26.30175,Libra,14.63203,Leo,29.74159,Aquarius,6.12346,Aquarius,2.34473,Capricorn,22.01478,Gemini,18.15763,Taurus,7.68261,Scorpio,7.68261
2170-09-07,Leo,18.59327,Cancer,2.16118,Leo,16.36049,Leo,25.73704,Libra,15.28863,Leo,29.95548,Aquarius,6.05024,Aquarius,2.30681,Capricorn,21.99099,Gemini,18.17181,Taurus,7.62961,Scorpio,7.62961
2170-09-08,Leo,19.56303,Cancer,16.45099,Leo,18.29161,Leo,25.15445,Libra,15.94694,Virgo,0.16970,Aquarius,5.97748,Aquarius,2.26916,Capricorn,21.96748,Gemini,18.18567,Taurus,7.57662,Scorpio,7.57662
2170-09-09,Leo,20.53331,Leo,1.18005,Leo,20.20870,Leo,24.55748,Libra,16.60697,Virgo,0.38422,Aquarius,5.90522,Aquarius,2.23178,Capricorn,21.94424,Gemini,18.19920,Taurus,7.52363,Scorpio,7.52363
2170-09-10,Leo,21.50410,Leo,16.23594,Leo,22.11046,Leo,23.94983,Libra,17.26871,Virgo,0.59903,Aquarius,5.83350,Aquarius,2.19469,Capricorn,21.92128,Gemini,18.21240,Taurus,7.47064,Scorpio,7.47064
2170-09-11,Leo,22.47539,Virgo,1.45824,Leo,23.99583,Leo,23.33527,Libra,17.93214,Virgo,0.81408,Aquarius,5.76237,Aquarius,2.15792,Capricorn,21.89862,Gemini,18.22526,Taurus,7.41765,Scorpio,7.41765
2170-09-12,Leo,23.44715,Virgo,16.66455,Leo,25.86407,Leo,22.71771,Libra,18.59724,Virgo,1.02937,Aquarius,5.69187,Aquarius,2.12148,Capricorn,21.87627,Gemini,18.23779,Taurus,7.36466,Scorpio,7.36466
2170-09-13,Leo,24.41938,Libra,1.68372,Leo,27.71462,Leo,22.10105,Libra,19.26399,Virgo,1.24487,Aquarius,5.62203,Aquarius,2.08538,Capricorn,21.85423,Gemini,18.24997,Taurus,7.31166,Scorpio,7.31166
2170-09-14,Leo,25.39205,Libra,16.38399,Leo,29.54713,Leo,21.48925,Libra,19.93237,Virgo,1.46055,Aquarius,5.55289,Aquarius,2.04965,Capricorn,21.83252,Gemini,18.26180,Taurus,7.25867,Scorpio,7.25867
2170-09-15,Leo,26.36515,Scorpio,0.68710,Virgo,1.36140,Leo,20.88621,Libra,20.60235,Virgo,1.67639,Aquarius,5.48449,Aquarius,2.01429,Capricorn,21.81113,Gemini,18.27329,Taurus,7.20568,Scorpio,7.20568
2170-09-16,Leo,27.33868,Scorpio,14.56722,Virgo,3.15733,Leo,20.29575,Libra,21.27392,Virgo,1.89238,Aquarius,5.41687,Aquarius,1.97932,Capricorn,21.79009,Gemini,18.28442,Taurus,7.15269,Scorpio,7.15269
2170-09-17,Leo,28.31264,Scorpio,28.03976,Virgo,4.93497,Leo,19.72158,Libra,21.94706,Virgo,2.10848,Aquarius,5.35006,Aquarius,1.94476,Capricorn,21.76940,Gemini,18.29520,Taurus,7.09970,Scorpio,7.09970
2170-09-18,Leo,29.28704,Sagittarius,11.14659,Virgo,6.69440,Leo,19.16722,Libra,22.62174,Virgo,2.32468,Aquarius,5.28409,Aquarius,1.91063,Capricorn,21.74907,Gemini,18.30562,Taurus,7.04670,Scorpio,7.04670
2170-09-19,Virgo,0.26187,Sagittarius,23.94228,Virgo,8.43580,Leo,18.63601,Libra,23.29795,Virgo,2.54096,Aquarius,5.21900,Aquarius,1.87692,Capricorn,21.72910,Gemini,18.31569,Taurus,6.99371,Scorpio,6.99371
2170-09-20,Virgo,1.23716,Capricorn,6.48355,Virgo,10.15937,Leo,18.13102,Libra,23.97568,Virgo,2.75730,Aquarius,5.15482,Aquarius,1.84367,Capricorn,21.70950,Gemini,18.32539,Taurus,6.94072,Scorpio,6.94072
2170-09-21,Virgo,2.21292,Capricorn,18.82254,Virgo,11.86538,Leo,17.65504,Libra,24.65491,Virgo,2.97368,Aquarius,5.09158,Aquarius,1.81087,Capricorn,21.69028,Gemini,18.33473,Taurus,6.88773,Scorpio,6.88773
2170-09-22,Virgo,3.18915,Aquarius,1.00341,Virgo,13.55409,Leo,17.21058,Libra,25.33565,Virgo,3.19003,Aquarius,5.02932,Aquarius,1.77855,Capricorn,21.67145,Gemini,18.34371,Taurus,6.83474,Scorpio,6.83474
2170-09-23,Virgo,4.16588,Aquarius,13.06170,Virgo,15.22578,Leo,16.79985,Libra,26.01787,Virgo,3.40638,Aquarius,4.96805,Aquarius,1.74672,Capricorn,21.65301,Gemini,18.35231,Taurus,6.78175,Scorpio,6.78175
2170-09-24,Virgo,5.14312,Aquarius,25.02590,Virgo,16.88075,Leo,16.42474,Libra,26.70157,Virgo,3.62277,Aquarius,4.90781,Aquarius,1.71538,Capricorn,21.63497,Gemini,18.36055,Taurus,6.72875,Scorpio,6.72875
2170-09-25,Virgo,6.12089,Pisces,6.92047,Virgo,18.51930,Leo,16.08684,Libra,27.38675,Virgo,3.83914,Aquarius,4.84863,Aquarius,1.68456,Capricorn,21.61734,Gemini,18.36842,Taurus,6.67576,Scorpio,6.67576
2170-09-26,Virgo,7.09920,Pisces,18.76963,Virgo,20.14170,Leo,15.78742,Libra,28.07341,Virgo,4.05545,Aquarius,4.79054,Aquarius,1.65426,Capricorn,21.60012,Gemini,18.37591,Taurus,6.62277,Scorpio,6.62277
2170-09-27,Virgo,8.07807,Aries,0.60136,Virgo,21.74823,Leo,15.52748,Libra,28.76153,Virgo,4.27170,Aquarius,4.73357,Aquarius,1.62450,Capricorn,21.58332,Gemini,18.38303,Taurus,6.56978,Scorpio,6.56978
2170-09-28,Virgo,9.05752,Aries,12.45082,Virgo,23.33913,Leo,15.30773,Libra,29.45113,Virgo,4.48787,Aquarius,4.67774,Aquarius,1.59528,Capricorn,21.56695,Gemini,18.38977,Taurus,6.51679,Scorpio,6.51679
2170-09-29,Virgo,10.03756,Aries,24.36282,Virgo,24.91465,Leo,15.12862,Scorpio,0.14219,Virgo,4.70393,Aquarius,4.62308,Aquarius,1.56663,Capricorn,21.55101,Gemini,18.39614,Taurus,6.46379,Scorpio,6.46379
2170-09-30,Virgo,11.01819,Taurus,6.39301,Virgo,26.47498,Leo,14.99038,Scorpio,0.83471,Virgo,4.91987,Aquarius,4.56961,Aquarius,1.53855,Capricorn,21.53551,Gemini,18.40212,Taurus,6.41080,Scorpio,6.41080
2170-10-01,Virgo,11.99945,Taurus,18.60732,Virgo,28.02030,Leo,14.89301,Scorpio,1.52870,Virgo,5.13567,Aquarius,4.51738,Aquarius,1.51105,Capricorn,21.52046,Gemini,18.40772,Taurus,6.35781,Scorpio,6.35781
2170-10-02,Virgo,12.98133,Gemini,1.07941,Virgo,29.55075,Leo,14.83632,Scorpio,2.22415,Virgo,5.35131,Aquarius,4.46639,Aquarius,1.48415,Capricorn,21.50586,Gemini,18.41293,Taurus,6.30482,Scorpio,6.30482
2170-10-03,Virgo,13.96385,Gemini,13.88557,Libra,1.06642,Leo,14.81995,Scorpio,2.92107,Virgo,5.56677,Aquarius,4.41669,Aquarius,1.45785,Capricorn,21.49172,Gemini,18.41776,Taurus,6.25183,Scorpio,6.25183
2170-10-04,Virgo,14.94700,Gemini,27.09647,Libra,2.56737,Leo,14.84338,Scorpio,3.61945,Virgo,5.78202,Aquarius,4.36828,Aquarius,1.43218,Capricorn,21.47804,Gemini,18.42220,Taurus,6.19883,Scorpio,6.19883
2170-10-05,Virgo,15.93080,Cancer,10.76551,Libra,4.05360,Leo,14.90597,Scorpio,4.31928,Virgo,5.99706,Aquarius,4.32121,Aquarius,1.40714,Capricorn,21.46483,Gemini,18.42625,Taurus,6.14584,Scorpio,6.14584
2170-10-06,Virgo,16.91524,Cancer,24.91426,Libra,5.52506,Leo,15.00696,Scorpio,5.02058,Virgo,6.21186,Aquarius,4.27549,Aquarius,1.38274,Capricorn,21.45211,Gemini,18.42991,Taurus,6.09285,Scorpio,6.09285
2170-10-07,Virgo,17.90031,Leo,9.51796,Libra,6.98163,Leo,15.14551,Scorpio,5.72334,Virgo,6.42638,Aquarius,4.23116,Aquarius,1.35900,Capricorn,21.43986,Gemini,18.43317,Taurus,6.03986,Scorpio,6.03986
2170-10-08,Virgo,18.88601,Leo,24.49596,Libra,8.42314,Leo,15.32068,Scorpio,6.42754,Virgo,6.64062,Aquarius,4.18823,Aquarius,1.33592,Capricorn,21.42811,Gemini,18.43604,Taurus,5.98687,Scorpio,5.98687
2170-10-09,Virgo,19.87230,Virgo,9.71348,Libra,9.84932,Leo,15.53150,Scorpio,7.13317,Virgo,6.85454,Aquarius,4.14673,Aquarius,1.31352,Capricorn,21.41686,Gemini,18.43852,Taurus,5.93388,Scorpio,5.93388
2170-10-10,Virgo,20.85918,Virgo,24.99835,Libra,11.25984,Leo,15.77695,Scorpio,7.84023,Virgo,7.06812,Aquarius,4.10669,Aquarius,1.29181,Capricorn,21.40610,Gemini,18.44060,Taurus,5.88088,Scorpio,5.88088
2170-10-11,Virgo,21.84662,Libra,10.16971,Libra,12.65424,Leo,16.05601,Scorpio,8.54870,Virgo,7.28133,Aquarius,4.06812,Aquarius,1.27080,Capricorn,21.39586,Gemini,18.44228,Taurus,5.82789,Scorpio,5.82789
2170-10-12,Virgo,22.83459,Libra,25.06909,Libra,14.03200,Leo,16.36763,Scorpio,9.25855,Virgo,7.49414,Aquarius,4.03105,Aquarius,1.25050,Capricorn,21.38612,Gemini,18.44356,Taurus,5.77490,Scorpio,5.77490
2170-10-13,Virgo,23.82308,Scorpio,9.58301,Libra,15.39247,Leo,16.71081,Scorpio,9.96977,Virgo,7.70654,Aquarius,3.99550,Aquarius,1.23092,Capricorn,21.37691,Gemini,18.44445,Taurus,5.72191,Scorpio,5.72191
2170-10-14,Virgo,24.81207,Scorpio,23.65161,Libra,16.73489,Leo,17.08453,Scorpio,10.68233,Virgo,7.91849,Aquarius,3.96149,Aquarius,1.21207,Capricorn,21.36821,Gemini,18.44494,Taurus,5.66892,Scorpio,5.66892
2170-10-15,Virgo,25.80155,Sagittarius,7.26452,Libra,18.05834,Leo,17.48782,Scorpio,11.39622,Virgo,8.12998,Aquarius,3.92902,Aquarius,1.19396,Capricorn,21.36005,Gemini,18.44504,Taurus,5.61592,Scorpio,5.61592
2170-10-16,Virgo,26.79152,Sagittarius,20.44929,Libra,19.36178,Leo,17.91970,Scorpio,12.11142,Virgo,8.34099,Aquarius,3.89812,Aquarius,1.17659,Capricorn,21.35240,Gemini,18.44473,Taurus,5.56293,Scorpio,5.56293
2170-10-17,Virgo,27.78197,Capricorn,3.25790,Libra,20.64398,Leo,18.37923,Scorpio,12.82790,Virgo,8.55148,Aquarius,3.86880,Aquarius,1.15996,Capricorn,21.34530,Gemini,18.44404,Taurus,5.50994,Scorpio,5.50994
2170-10-18,Virgo,28.77290,Capricorn,15.75463,Libra,21.90353,Leo,18.86548,Scorpio,13.54567,Virgo,8.76144,Aquarius,3.84108,Aquarius,1.14410,Capricorn,21.33872,Gemini,18.44295,Taurus,5.45695,Scorpio,5.45695
2170-10-19,Virgo,29.76432,Capricorn,28.00692,Libra,23.13880,Leo,19.37756,Scorpio,14.26470,Virgo,8.97086,Aquarius,3.81496,Aquarius,1.12900,Capricorn,21.33268,Gemini,18.44146,Taurus,5.40396,Scorpio,5.40396
2170-10-20,Libra,0.75624,Aquarius,10.07908,Libra,24.34792,Leo,19.91457,Scorpio,14.98499,Virgo,9.17970,Aquarius,3.79045,Aquarius,1.11467,Capricorn,21.32719,Gemini,18.43959,Taurus,5.35097,Scorpio,5.35097
2170-10-21,Libra,1.74866,Aquarius,22.02881,Libra,25.52874,Leo,20.47565,Scorpio,15.70652,Virgo,9.38794,Aquarius,3.76757,Aquarius,1.10111,Capricorn,21.32223,Gemini,18.43732,Taurus,5.29797,Scorpio,5.29797
2170-10-22,Libra,2.74159,Pisces,3.90568,Libra,26.67881,Leo,21.05997,Scorpio,16.42928,Virgo,9.59558,Aquarius,3.74633,Aquarius,1.08834,Capricorn,21.31782,Gemini,18.43466,Taurus,5.24498,Scorpio,5.24498
2170-10-23,Libra,3.73504,Pisces,15.75135,Libra,27.79533,Leo,21.66671,Scorpio,17.15328,Virgo,9.80258,Aquarius,3.72674,Aquarius,1.07635,Capricorn,21.31396,Gemini,18.43161,Taurus,5.19199,Scorpio,5.19199
2170-10-24,Libra,4.72903,Pisces,27.60115,Libra,28.87512,Leo,22.29508,Scorpio,17.87850,Virgo,10.00893,Aquarius,3.70879,Aquarius,1.06516,Capricorn,21.31065,Gemini,18.42817,Taurus,5.13900,Scorpio,5.13900
2170-10-25,Libra,5.72355,Aries,9.48639,Libra,29.91455,Leo,22.94430,Scorpio,18.60493,Virgo,10.21460,Aquarius,3.69252,Aquarius,1.05476,Capricorn,21.30788,Gemini,18.42435,Taurus,5.08601,Scorpio,5.08601
2170-10-26,Libra,6.71863,Aries,21.43738,Scorpio,0.90953,Leo,23.61363,Scorpio,19.33258,Virgo,10.41958,Aquarius,3.67791,Aquarius,1.04516,Capricorn,21.30567,Gemini,18.42014,Taurus,5.03301,Scorpio,5.03301
2170-10-27,Libra,7.71428,Taurus,3.48628,Scorpio,1.85540,Leo,24.30234,Scorpio,20.06144,Virgo,10.62384,Aquarius,3.66499,Aquarius,1.03637,Capricorn,21.30402,Gemini,18.41555,Taurus,4.98002,Scorpio,4.98002
2170-10-28,Libra,8.71050,Taurus,15.66954,Scorpio,2.74692,Leo,25.00974,Scorpio,20.79151,Virgo,10.82737,Aquarius,3.65375,Aquarius,1.02839,Capricorn,21.30292,Gemini,18.41057,Taurus,4.92703,Scorpio,4.92703
2170-10-29,Libra,9.70731,Taurus,28.02941,Scorpio,3.57822,Leo,25.73515,Scorpio,21.52279,Virgo,11.03013,Aquarius,3.64421,Aquarius,1.02123,Capricorn,21.30238,Gemini,18.40521,Taurus,4.87404,Scorpio,4.87404
2170-10-30,Libra,10.70472,Gemini,10.61373,Scorpio,4.34269,Leo,26.47789,Scorpio,22.25527,Virgo,11.23211,Aquarius,3.63636,Aquarius,1.01488,Capricorn,21.30241,Gemini,18.39947,Taurus,4.82105,Scorpio,4.82105
2170-10-31,Libra,11.70273,Gemini,23.47394,Scorpio,5.03302,Leo,27.23734,Scorpio,22.98895,Virgo,11.43328,Aquarius,3.63023,Aquarius,1.00937,Capricorn,21.30299,Gemini,18.39335,Taurus,4.76806,Scorpio,4.76806
2170-11-01,Libra,12.70135,Cancer,6.66040,Scorpio,5.64109,Leo,28.01286,Scorpio,23.72383,Virgo,11.63362,Aquarius,3.62580,Aquarius,1.00468,Capricorn,21.30414,Gemini,18.38686,Taurus,4.71506,Scorpio,4.71506
2170-11-02,Libra,13.70059,Cancer,20.21512,Scorpio,6.15804,Leo,28.80386,Scorpio,24.45991,Virgo,11.83310,Aquarius,3.62310,Aquarius,1.00082,Capricorn,21.30586,Gemini,18.37999,Taurus,4.66207,Scorpio,4.66207
2170-11-03,Libra,14.70043,Leo,4.16189,Scorpio,6.57428,Leo,29.60975,Scorpio,25.19718,Virgo,12.03170,Aquarius,3.62212,Aquarius,0.99780,Capricorn,21.30814,Gemini,18.37275,Taurus,4.60908,Scorpio,4.60908
2170-11-04,Libra,15.70088,Leo,18.49528,Scorpio,6.87961,Virgo,0.42995,Scorpio,25.93565,Virgo,12.22939,Aquarius,3.62287,Aquarius,0.99563,Capricorn,21.31099,Gemini,18.36513,Taurus,4.55609,Scorpio,4.55609
2170-11-05,Libra,16.70192,Virgo,3.17111,Scorpio,7.06340,Virgo,1.26392,Scorpio,26.67530,Virgo,12.42614,Aquarius,3.62536,Aquarius,0.99430,Capricorn,21.31441,Gemini,18.35715,Taurus,4.50310,Scorpio,4.50310
2170-11-06,Libra,17.70354,Virgo,18.10227,Scorpio,7.11494,Virgo,2.11111,Scorpio,27.41613,Virgo,12.62192,Aquarius,3.62959,Aquarius,0.99381,Capricorn,21.31840,Gemini,18.34880,Taurus,4.45010,Scorpio,4.45010
2170-11-07,Libra,18.70572,Libra,3.16364,Scorpio,7.02388,Virgo,2.97102,Scorpio,28.15812,Virgo,12.81671,Aquarius,3.63556,Aquarius,0.99418,Capricorn,21.32296,Gemini,18.34009,Taurus,4.39711,Scorpio,4.39711
2170-11-08,Libra,19.70843,Libra,18.20704,Scorpio,6.78092,Virgo,3.84314,Scorpio,28.90125,Virgo,13.01047,Aquarius,3.64328,Aquarius,0.99541,Capricorn,21.32809,Gemini,18.33101,Taurus,4.34412,Scorpio,4.34412
2170-11-09,Libra,20.71164,Scorpio,3.08309,Scorpio,6.37865,Virgo,4.72702,Scorpio,29.64551,Virgo,13.20317,Aquarius,3.65275,Aquarius,0.99749,Capricorn,21.33379,Gemini,18.32158,Taurus,4.29113,Scorpio,4.29113
2170-11-10,Libra,21.71533,Scorpio,17.66346,Scorpio,5.81269,Virgo,5.62222,Sagittarius,0.39088,Virgo,13.39479,Aquarius,3.66396,Aquarius,1.00042,Capricorn,21.34007,Gemini,18.31179,Taurus,4.23814,Scorpio,4.23814
2170-11-11,Libra,22.71947,Sagittarius,1.85706,Scorpio,5.08292,Virgo,6.52833,Sagittarius,1.13734,Virgo,13.58529,Aquarius,3.67691,Aquarius,1.00422,Capricorn,21.34692,Gemini,18.30166,Taurus,4.18514,Scorpio,4.18514
2170-11-12,Libra,23.72404,Sagittarius,15.61677,Scorpio,4.19485,Virgo,7.44495,Sagittarius,1.88486,Virgo,13.77466,Aquarius,3.69161,Aquarius,1.00887,Capricorn,21.35433,Gemini,18.29118,Taurus,4.13215,Scorpio,4.13215
2170-11-13,Libra,24.72902,Sagittarius,28.93746,Scorpio,3.16079,Virgo,8.37175,Sagittarius,2.63342,Virgo,13.96285,Aquarius,3.70804,Aquarius,1.01438,Capricorn,21.36231,Gemini,18.28035,Taurus,4.07916,Scorpio,4.07916
2170-11-14,Libra,25.73440,Capricorn,11.84820,Scorpio,2.00080,Virgo,9.30836,Sagittarius,3.38301,Virgo,14.14986,Aquarius,3.72621,Aquarius,1.02074,Capricorn,21.37086,Gemini,18.26919,Taurus,4.02617,Scorpio,4.02617
2170-11-15,Libra,26.74018,Capricorn,24.40227,Scorpio,0.74282,Virgo,10.25448,Sagittarius,4.13361,Virgo,14.33564,Aquarius,3.74610,Aquarius,1.02796,Capricorn,21.37997,Gemini,18.25770,Taurus,3.97318,Scorpio,3.97318
2170-11-16,Libra,27.74634,Aquarius,6.66746,Libra,29.42207,Virgo,11.20979,Sagittarius,4.88519,Virgo,14.52019,Aquarius,3.76771,Aquarius,1.03604,Capricorn,21.38964,Gemini,18.24588,Taurus,3.92019,Scorpio,3.92019
2170-11-17,Libra,28.75289,Aquarius,18.71798,Libra,28.07936,Virgo,12.17400,Sagittarius,5.63776,Virgo,14.70347,Aquarius,3.79103,Aquarius,1.04496,Capricorn,21.39987,Gemini,18.23373,Taurus,3.86719,Scorpio,3.86719
2170-11-18,Libra,29.75981,Pisces,0.62826,Libra,26.75847,Virgo,13.14683,Sagittarius,6.39129,Virgo,14.88545,Aquarius,3.81606,Aquarius,1.05474,Capricorn,21.41065,Gemini,18.22127,Taurus,3.81420,Scorpio,3.81420
2170-11-19,Scorpio,0.76712,Pisces,12.46867,Libra,25.50304,Virgo,14.12801,Sagittarius,7.14577,Virgo,15.06612,Aquarius,3.84280,Aquarius,1.06536,Capricorn,21.42199,Gemini,18.20849,Taurus,3.76121,Scorpio,3.76121
2170-11-20,Scorpio,1.77482,Pisces,24.30268,Libra,24.35336,Virgo,15.11727,Sagittarius,7.90119,Virgo,15.24544,Aquarius,3.87122,Aquarius,1.07683,Capricorn,21.43388,Gemini,18.19540,Taurus,3.70822,Scorpio,3.70822
2170-11-21,Scorpio,2.78290,Aries,6.18517,Libra,23.34366,Virgo,16.11437,Sagittarius,8.65755,Virgo,15.42340,Aquarius,3.90133,Aquarius,1.08914,Capricorn,21.44633,Gemini,18.18200,Taurus,3.65523,Scorpio,3.65523
2170-11-22,Scorpio,3.79137,Aries,18.16184,Libra,22.50030,Virgo,17.11907,Sagittarius,9.41482,Virgo,15.59997,Aquarius,3.93311,Aquarius,1.10230,Capricorn,21.45931,Gemini,18.16831,Taurus,3.60223,Scorpio,3.60223
2170-11-23,Scorpio,4.80025,Taurus,0.26948,Libra,21.84092,Virgo,18.13113,Sagittarius,10.17301,Virgo,15.77512,Aquarius,3.96656,Aquarius,1.11629,Capricorn,21.47284,Gemini,18.15432,Taurus,3.54924,Scorpio,3.54924
2170-11-24,Scorpio,5.80952,Taurus,12.53692,Libra,21.37471,Virgo,19.15033,Sagittarius,10.93211,Virgo,15.94883,Aquarius,4.00167,Aquarius,1.13111,Capricorn,21.48691,Gemini,18.14004,Taurus,3.49625,Scorpio,3.49625
2170-11-25,Scorpio,6.81921,Taurus,24.98666,Libra,21.10336,Virgo,20.17644,Sagittarius,11.69210,Virgo,16.12107,Aquarius,4.03843,Aquarius,1.14677,Capricorn,21.50152,Gemini,18.12547,Taurus,3.44326,Scorpio,3.44326
2170-11-26,Scorpio,7.82932,Gemini,7.63682,Libra,21.02239,Virgo,21.20927,Sagittarius,12.45300,Virgo,16.29181,Aquarius,4.07683,Aquarius,1.16325,Capricorn,21.51666,Gemini,18.11062,Taurus,3.39027,Scorpio,3.39027
2170-11-27,Scorpio,8.83986,Gemini,20.50293,Libra,21.12274,Virgo,22.24859,Sagittarius,13.21478,Virgo,16.46103,Aquarius,4.11687,Aquarius,1.18056,Capricorn,21.53233,Gemini,18.09550,Taurus,3.33727,Scorpio,3.33727
2170-11-28,Scorpio,9.85084,Cancer,3.59919,Libra,21.39225,Virgo,23.29421,Sagittarius,13.97745,Virgo,16.62870,Aquarius,4.15853,Aquarius,1.19870,Capricorn,21.54854,Gemini,18.08010,Taurus,3.28428,Scorpio,3.28428
2170-11-29,Scorpio,10.86226,Cancer,16.93859,Libra,21.81693,Virgo,24.34591,Sagittarius,14.74100,Virgo,16.79479,Aquarius,4.20181,Aquarius,1.21765,Capricorn,21.56527,Gemini,18.06444,Taurus,3.23129,Scorpio,3.23129
2170-11-30,Scorpio,11.87412,Leo,0.53139,Libra,22.38204,Virgo,25.40351,Sagittarius,15.50543,Virgo,16.95927,Aquarius,4.24669,Aquarius,1.23743,Capricorn,21.58252,Gemini,18.04852,Taurus,3.17830,Scorpio,3.17830
2170-12-01,Scorpio,12.88642,Leo,14.38182,Libra,23.07280,Virgo,26.46681,Sagittarius,16.27074,Virgo,17.12211,Aquarius,4.29318,Aquarius,1.25802,Capricorn,21.60029,Gemini,18.03234,Taurus,3.12531,Scorpio,3.12531
2170-12-02,Scorpio,13.89916,Leo,28.48320,Libra,23.87499,Virgo,27.53560,Sagittarius,17.03691,Virgo,17.28327,Aquarius,4.34126,Aquarius,1.27941,Capricorn,21.61858,Gemini,18.01591,Taurus,3.07232,Scorpio,3.07232
2170-12-03,Scorpio,14.91233,Virgo,12.81233,Libra,24.77526,Virgo,28.60969,Sagittarius,17.80394,Virgo,17.44273,Aquarius,4.39092,Aquarius,1.30162,Capricorn,21.63738,Gemini,17.99924,Taurus,3.01932,Scorpio,3.01932
2170-12-04,Scorpio,15.92591,Virgo,27.32453,Libra,25.76136,Virgo,29.68890,Sagittarius,18.57182,Virgo,17.60045,Aquarius,4.44215,Aquarius,1.32463,Capricorn,21.65669,Gemini,17.98233,Taurus,2.96633,Scorpio,2.96633
2170-12-05,Scorpio,16.93989,Libra,11.95142,Libra,26.82221,Libra,0.77304,Sagittarius,19.34054,Virgo,17.75639,Aquarius,4.49495,Aquarius,1.34843,Capricorn,21.67650,Gemini,17.96519,Taurus,2.91334,Scorpio,2.91334
2170-12-06,Scorpio,17.95424,Libra,26.60316,Libra,27.94792,Libra,1.86192,Sagittarius,20.11008,Virgo,17.91053,Aquarius,4.54929,Aquarius,1.37304,Capricorn,21.69682,Gemini,17.94782,Taurus,2.86035,Scorpio,2.86035
2170-12-07,Scorpio,18.96893,Scorpio,11.17603,Libra,29.12972,Libra,2.95537,Sagittarius,20.88042,Virgo,18.06283,Aquarius,4.60518,Aquarius,1.39843,Capricorn,21.71763,Gemini,17.93023,Taurus,2.80736,Scorpio,2.80736
2170-12-08,Scorpio,19.98393,Scorpio,25.56453,Scorpio,0.35992,Libra,4.05322,Sagittarius,21.65155,Virgo,18.21326,Aquarius,4.66259,Aquarius,1.42460,Capricorn,21.73894,Gemini,17.91243,Taurus,2.75436,Scorpio,2.75436
2170-12-09,Scorpio,20.99922,Sagittarius,9.67517,Scorpio,1.63183,Libra,5.15533,Sagittarius,22.42343,Virgo,18.36178,Aquarius,4.72151,Aquarius,1.45155,Capricorn,21.76073,Gemini,17.89443,Taurus,2.70137,Scorpio,2.70137
2170-12-10,Scorpio,22.01476,Sagittarius,23.43874,Scorpio,2.93964,Libra,6.26154,Sagittarius,23.19605,Virgo,18.50836,Aquarius,4.78192,Aquarius,1.47928,Capricorn,21.78300,Gemini,17.87623,Taurus,2.64838,Scorpio,2.64838
2170-12-11,Scorpio,23.03053,Capricorn,6.81776,Scorpio,4.27831,Libra,7.37173,Sagittarius,23.96938,Virgo,18.65298,Aquarius,4.84382,Aquarius,1.50776,Capricorn,21.80575,Gemini,17.85784,Taurus,2.59539,Scorpio,2.59539
2170-12-12,Scorpio,24.04650,Capricorn,19.80841,Scorpio,5.64354,Libra,8.48577,Sagittarius,24.74340,Virgo,18.79560,Aquarius,4.90718,Aquarius,1.53700,Capricorn,21.82896,Gemini,17.83927,Taurus,2.54240,Scorpio,2.54240
2170-12-13,Scorpio,25.06267,Aquarius,2.43746,Scorpio,7.03162,Libra,9.60355,Sagittarius,25.51809,Virgo,18.93620,Aquarius,4.97199,Aquarius,1.56699,Capricorn,21.85264,Gemini,17.82052,Taurus,2.48941,Scorpio,2.48941
2170-12-14,Scorpio,26.07900,Aquarius,14.75610,Scorpio,8.43937,Libra,10.72495,Sagittarius,26.29343,Virgo,19.07475,Aquarius,5.03823,Aquarius,1.59771,Capricorn,21.87677,Gemini,17.80160,Taurus,2.43641,Scorpio,2.43641
2170-12-15,Scorpio,27.09550,Aquarius,26.83278,Scorpio,9.86412,Libra,11.84988,Sagittarius,27.06941,Virgo,19.21122,Aquarius,5.10588,Aquarius,1.62917,Capricorn,21.90135,Gemini,17.78252,Taurus,2.38342,Scorpio,2.38342
2170-12-16,Scorpio,28.11215,Pisces,8.74613,Scorpio,11.30356,Libra,12.97824,Sagittarius,27.84600,Virgo,19.34558,Aquarius,5.17494,Aquarius,1.66135,Capricorn,21.92638,Gemini,17.76329,Taurus,2.33043,Scorpio,2.33043
2170-12-17,Scorpio,29.12894,Pisces,20.57896,Scorpio,12.75575,Libra,14.10992,Sagittarius,28.62319,Virgo,19.47781,Aquarius,5.24537,Aquarius,1.69425,Capricorn,21.95184,Gemini,17.74392,Taurus,2.27744,Scorpio,2.27744
2170-12-18,Sagittarius,0.14588,Aries,2.41311,Scorpio,14.21908,Libra,15.24485,Sagittarius,29.40096,Virgo,19.60787,Aquarius,5.31716,Aquarius,1.72785,Capricorn,21.97773,Gemini,17.72440,Taurus,2.22445,Scorpio,2.22445
2170-12-19,Sagittarius,1.16294,Aries,14.32515,Scorpio,15.69216,Libra,16.38293,Capricorn,0.17931,Virgo,19.73575,Aquarius,5.39030,Aquarius,1.76215,Capricorn,22.00405,Gemini,17.70476,Taurus,2.17145,Scorpio,2.17145
2170-12-20,Sagittarius,2.18014,Aries,26.38259,Scorpio,17.17385,Libra,17.52408,Capricorn,0.95821,Virgo,19.86141,Aquarius,5.46477,Aquarius,1.79714,Capricorn,22.03079,Gemini,17.68499,Taurus,2.11846,Scorpio,2.11846
2170-12-21,Sagittarius,3.19747,Taurus,8.64046,Scorpio,18.66323,Libra,18.66823,Capricorn,1.73765,Virgo,19.98482,Aquarius,5.54055,Aquarius,1.83282,Capricorn,22.05793,Gemini,17.66510,Taurus,2.06547,Scorpio,2.06547
2170-12-22,Sagittarius,4.21493,Taurus,21.13838,Scorpio,20.15951,Libra,19.81529,Capricorn,2.51763,Virgo,20.10597,Aquarius,5.61763,Aquarius,1.86916,Capricorn,22.08548,Gemini,17.64511,Taurus,2.01248,Scorpio,2.01248
2170-12-23,Sagittarius,5.23253,Gemini,3.89851,Scorpio,21.66207,Libra,20.96519,Capricorn,3.29813,Virgo,20.22482,Aquarius,5.69598,Aquarius,1.90617,Capricorn,22.11343,Gemini,17.62501,Taurus,1.95949,Scorpio,1.95949
2170-12-24,Sagittarius,6.25028,Gemini,16.92476,Scorpio,23.17042,Libra,22.11786,Capricorn,4.07914,Virgo,20.34134,Aquarius,5.77560,Aquarius,1.94384,Capricorn,22.14177,Gemini,17.60482,Taurus,1.90650,Scorpio,1.90650
2170-12-25,Sagittarius,7.26817,Cancer,0.20415,Scorpio,24.68419,Libra,23.27322,Capricorn,4.86067,Virgo,20.45551,Aquarius,5.85647,Aquarius,1.98216,Capricorn,22.17050,Gemini,17.58454,Taurus,1.85350,Scorpio,1.85350
2170-12-26,Sagittarius,8.28623,Cancer,13.71015,Scorpio,26.20307,Libra,24.43121,Capricorn,5.64270,Virgo,20.56729,Aquarius,5.93857,Aquarius,2.02111,Capricorn,22.19961,Gemini,17.56418,Taurus,1.80051,Scorpio,1.80051
2170-12-27,Sagittarius,9.30445,Cancer,27.40798,Scorpio,27.72688,Libra,25.59175,Capricorn,6.42522,Virgo,20.67666,Aquarius,6.02188,Aquarius,2.06070,Capricorn,22.22908,Gemini,17.54374,Taurus,1.74752,Scorpio,1.74752
2170-12-28,Sagittarius,10.32284,Leo,11.26043,Scorpio,29.25548,Libra,26.75476,Capricorn,7.20823,Virgo,20.78358,Aquarius,6.10639,Aquarius,2.10092,Capricorn,22.25893,Gemini,17.52324,Taurus,1.69453,Scorpio,1.69453
2170-12-29,Sagittarius,11.34140,Leo,25.23293,Sagittarius,0.78879,Libra,27.92016,Capricorn,7.99173,Virgo,20.88802,Aquarius,6.19209,Aquarius,2.14174,Capricorn,22.28914,Gemini,17.50268,Taurus,1.64154,Scorpio,1.64154
2170-12-30,Sagittarius,12.36013,Virgo,9.29622,Sagittarius,2.32681,Libra,29.08789,Capricorn,8.77571,Virgo,20.98996,Aquarius,6.27896,Aquarius,2.18318,Capricorn,22.31969,Gemini,17.48207,Taurus,1.58854,Scorpio,1.58854
2170-12-31,Sagittarius,13.37902,Virgo,23.42589,Sagittarius,3.86955,Scorpio,0.25785,Capricorn,9.56015,Virgo,21.08935,Aquarius,6.36698,Aquarius,2.22522,Capricorn,22.35060,Gemini,17.46142,Taurus,1.53555,Scorpio,1.53555
